0.020000
0.020000
0.019998
0.019996
0.019994
0.019990
0.019986
0.019981
0.019975
0.019968
0.019961
0.019952
0.019943
0.019933
0.019923
0.019911
0.019899
0.019886
0.019872
0.019858
0.019842
0.019826
0.019809
0.019792
0.019773
0.019754
0.019734
0.019713
0.019691
0.019669
0.019646
0.019622
0.019597
0.019572
0.019545
0.019518
0.019491
0.019462
0.019433
0.019403
0.019372
0.019340
0.019308
0.019274
0.019241
0.019206
0.019170
0.019134
0.019097
0.019060
0.019021
0.018982
0.018942
0.018901
0.018860
0.018818
0.018775
0.018731
0.018687
0.018641
0.018596
0.018549
0.018502
0.018453
0.018405
0.018355
0.018305
0.018254
0.018202
0.018150
0.018097
0.018043
0.017988
0.017933
0.017877
0.017820
0.017763
0.017705
0.017646
0.017586
0.017526
0.017465
0.017404
0.017341
0.017278
0.017215
0.017151
0.017086
0.017020
0.016954
0.016887
0.016819
0.016751
0.016682
0.016612
0.016542
0.016471
0.016399
0.016327
0.016254
0.016180
0.016106
0.016031
0.015956
0.015880
0.015803
0.015726
0.015648
0.015569
0.015490
0.015410
0.015330
0.015249
0.015167
0.015085
0.015002
0.014919
0.014835
0.014750
0.014665
0.014579
0.014493
0.014406
0.014319
0.014231
0.014142
0.014053
0.013963
0.013873
0.013782
0.013691
0.013599
0.013507
0.013414
0.013320
0.013226
0.013132
0.013037
0.012941
0.012845
0.012748
0.012651
0.012554
0.012456
0.012357
0.012258
0.012159
0.012059
0.011958
0.011857
0.011756
0.011654
0.011551
0.011449
0.011345
0.011242
0.011138
0.011033
0.010928
0.010822
0.010717
0.010610
0.010503
0.010396
0.010289
0.010181
0.010072
0.009964
0.009855
0.009745
0.009635
0.009525
0.009414
0.009303
0.009192
0.009080
0.008968
0.008855
0.008742
0.008629
0.008516
0.008402
0.008288
0.008173
0.008058
0.007943
0.007827
0.007712
0.007596
0.007479
0.007362
0.007246
0.007128
0.007011
0.006893
0.006775
0.006656
0.006538
0.006419
0.006300
0.006180
0.006061
0.005941
0.005821
0.005700
0.005580
0.005459
0.005338
0.005217
0.005095
0.004974
0.004852
0.004730
0.004608
0.004485
0.004363
0.004240
0.004117
0.003994
0.003871
0.003748
0.003624
0.003500
0.003377
0.003253
0.003129
0.003005
0.002880
0.002756
0.002631
0.002507
0.002382
0.002257
0.002132
0.002007
0.001882
0.001757
0.001632
0.001507
0.001381
0.001256
0.001130
0.001005
0.000879
0.000754
0.000628
0.000503
0.000377
0.000251
0.000126
0.000000
-0.000126
-0.000251
-0.000377
-0.000503
-0.000628
-0.000754
-0.000879
-0.001005
-0.001130
-0.001256
-0.001381
-0.001507
-0.001632
-0.001757
-0.001882
-0.002007
-0.002132
-0.002257
-0.002382
-0.002507
-0.002631
-0.002756
-0.002880
-0.003005
-0.003129
-0.003253
-0.003377
-0.003500
-0.003624
-0.003748
-0.003871
-0.003994
-0.004117
-0.004240
-0.004363
-0.004485
-0.004608
-0.004730
-0.004852
-0.004974
-0.005095
-0.005217
-0.005338
-0.005459
-0.005580
-0.005700
-0.005821
-0.005941
-0.006061
-0.006180
-0.006300
-0.006419
-0.006538
-0.006656
-0.006775
-0.006893
-0.007011
-0.007128
-0.007246
-0.007362
-0.007479
-0.007596
-0.007712
-0.007827
-0.007943
-0.008058
-0.008173
-0.008288
-0.008402
-0.008516
-0.008629
-0.008742
-0.008855
-0.008968
-0.009080
-0.009192
-0.009303
-0.009414
-0.009525
-0.009635
-0.009745
-0.009855
-0.009964
-0.010072
-0.010181
-0.010289
-0.010396
-0.010503
-0.010610
-0.010717
-0.010822
-0.010928
-0.011033
-0.011138
-0.011242
-0.011345
-0.011449
-0.011551
-0.011654
-0.011756
-0.011857
-0.011958
-0.012059
-0.012159
-0.012258
-0.012357
-0.012456
-0.012554
-0.012651
-0.012748
-0.012845
-0.012941
-0.013037
-0.013132
-0.013226
-0.013320
-0.013414
-0.013507
-0.013599
-0.013691
-0.013782
-0.013873
-0.013963
-0.014053
-0.014142
-0.014231
-0.014319
-0.014406
-0.014493
-0.014579
-0.014665
-0.014750
-0.014835
-0.014919
-0.015002
-0.015085
-0.015167
-0.015249
-0.015330
-0.015410
-0.015490
-0.015569
-0.015648
-0.015726
-0.015803
-0.015880
-0.015956
-0.016031
-0.016106
-0.016180
-0.016254
-0.016327
-0.016399
-0.016471
-0.016542
-0.016612
-0.016682
-0.016751
-0.016819
-0.016887
-0.016954
-0.017020
-0.017086
-0.017151
-0.017215
-0.017278
-0.017341
-0.017404
-0.017465
-0.017526
-0.017586
-0.017646
-0.017705
-0.017763
-0.017820
-0.017877
-0.017933
-0.017988
-0.018043
-0.018097
-0.018150
-0.018202
-0.018254
-0.018305
-0.018355
-0.018405
-0.018453
-0.018502
-0.018549
-0.018596
-0.018641
-0.018687
-0.018731
-0.018775
-0.018818
-0.018860
-0.018901
-0.018942
-0.018982
-0.019021
-0.019060
-0.019097
-0.019134
-0.019170
-0.019206
-0.019241
-0.019274
-0.019308
-0.019340
-0.019372
-0.019403
-0.019433
-0.019462
-0.019491
-0.019518
-0.019545
-0.019572
-0.019597
-0.019622
-0.019646
-0.019669
-0.019691
-0.019713
-0.019734
-0.019754
-0.019773
-0.019792
-0.019809
-0.019826
-0.019842
-0.019858
-0.019872
-0.019886
-0.019899
-0.019911
-0.019923
-0.019933
-0.019943
-0.019952
-0.019961
-0.019968
-0.019975
-0.019981
-0.019986
-0.019990
-0.019994
-0.019996
-0.019998
-0.020000
-0.020000
-0.020000
-0.019998
-0.019996
-0.019994
-0.019990
-0.019986
-0.019981
-0.019975
-0.019968
-0.019961
-0.019952
-0.019943
-0.019933
-0.019923
-0.019911
-0.019899
-0.019886
-0.019872
-0.019858
-0.019842
-0.019826
-0.019809
-0.019792
-0.019773
-0.019754
-0.019734
-0.019713
-0.019691
-0.019669
-0.019646
-0.019622
-0.019597
-0.019572
-0.019545
-0.019518
-0.019491
-0.019462
-0.019433
-0.019403
-0.019372
-0.019340
-0.019308
-0.019274
-0.019241
-0.019206
-0.019170
-0.019134
-0.019097
-0.019060
-0.019021
-0.018982
-0.018942
-0.018901
-0.018860
-0.018818
-0.018775
-0.018731
-0.018687
-0.018641
-0.018596
-0.018549
-0.018502
-0.018453
-0.018405
-0.018355
-0.018305
-0.018254
-0.018202
-0.018150
-0.018097
-0.018043
-0.017988
-0.017933
-0.017877
-0.017820
-0.017763
-0.017705
-0.017646
-0.017586
-0.017526
-0.017465
-0.017404
-0.017341
-0.017278
-0.017215
-0.017151
-0.017086
-0.017020
-0.016954
-0.016887
-0.016819
-0.016751
-0.016682
-0.016612
-0.016542
-0.016471
-0.016399
-0.016327
-0.016254
-0.016180
-0.016106
-0.016031
-0.015956
-0.015880
-0.015803
-0.015726
-0.015648
-0.015569
-0.015490
-0.015410
-0.015330
-0.015249
-0.015167
-0.015085
-0.015002
-0.014919
-0.014835
-0.014750
-0.014665
-0.014579
-0.014493
-0.014406
-0.014319
-0.014231
-0.014142
-0.014053
-0.013963
-0.013873
-0.013782
-0.013691
-0.013599
-0.013507
-0.013414
-0.013320
-0.013226
-0.013132
-0.013037
-0.012941
-0.012845
-0.012748
-0.012651
-0.012554
-0.012456
-0.012357
-0.012258
-0.012159
-0.012059
-0.011958
-0.011857
-0.011756
-0.011654
-0.011551
-0.011449
-0.011345
-0.011242
-0.011138
-0.011033
-0.010928
-0.010822
-0.010717
-0.010610
-0.010503
-0.010396
-0.010289
-0.010181
-0.010072
-0.009964
-0.009855
-0.009745
-0.009635
-0.009525
-0.009414
-0.009303
-0.009192
-0.009080
-0.008968
-0.008855
-0.008742
-0.008629
-0.008516
-0.008402
-0.008288
-0.008173
-0.008058
-0.007943
-0.007827
-0.007712
-0.007596
-0.007479
-0.007362
-0.007246
-0.007128
-0.007011
-0.006893
-0.006775
-0.006656
-0.006538
-0.006419
-0.006300
-0.006180
-0.006061
-0.005941
-0.005821
-0.005700
-0.005580
-0.005459
-0.005338
-0.005217
-0.005095
-0.004974
-0.004852
-0.004730
-0.004608
-0.004485
-0.004363
-0.004240
-0.004117
-0.003994
-0.003871
-0.003748
-0.003624
-0.003500
-0.003377
-0.003253
-0.003129
-0.003005
-0.002880
-0.002756
-0.002631
-0.002507
-0.002382
-0.002257
-0.002132
-0.002007
-0.001882
-0.001757
-0.001632
-0.001507
-0.001381
-0.001256
-0.001130
-0.001005
-0.000879
-0.000754
-0.000628
-0.000503
-0.000377
-0.000251
-0.000126
-0.000000
0.000126
0.000251
0.000377
0.000503
0.000628
0.000754
0.000879
0.001005
0.001130
0.001256
0.001381
0.001507
0.001632
0.001757
0.001882
0.002007
0.002132
0.002257
0.002382
0.002507
0.002631
0.002756
0.002880
0.003005
0.003129
0.003253
0.003377
0.003500
0.003624
0.003748
0.003871
0.003994
0.004117
0.004240
0.004363
0.004485
0.004608
0.004730
0.004852
0.004974
0.005095
0.005217
0.005338
0.005459
0.005580
0.005700
0.005821
0.005941
0.006061
0.006180
0.006300
0.006419
0.006538
0.006656
0.006775
0.006893
0.007011
0.007128
0.007246
0.007362
0.007479
0.007596
0.007712
0.007827
0.007943
0.008058
0.008173
0.008288
0.008402
0.008516
0.008629
0.008742
0.008855
0.008968
0.009080
0.009192
0.009303
0.009414
0.009525
0.009635
0.009745
0.009855
0.009964
0.010072
0.010181
0.010289
0.010396
0.010503
0.010610
0.010717
0.010822
0.010928
0.011033
0.011138
0.011242
0.011345
0.011449
0.011551
0.011654
0.011756
0.011857
0.011958
0.012059
0.012159
0.012258
0.012357
0.012456
0.012554
0.012651
0.012748
0.012845
0.012941
0.013037
0.013132
0.013226
0.013320
0.013414
0.013507
0.013599
0.013691
0.013782
0.013873
0.013963
0.014053
0.014142
0.014231
0.014319
0.014406
0.014493
0.014579
0.014665
0.014750
0.014835
0.014919
0.015002
0.015085
0.015167
0.015249
0.015330
0.015410
0.015490
0.015569
0.015648
0.015726
0.015803
0.015880
0.015956
0.016031
0.016106
0.016180
0.016254
0.016327
0.016399
0.016471
0.016542
0.016612
0.016682
0.016751
0.016819
0.016887
0.016954
0.017020
0.017086
0.017151
0.017215
0.017278
0.017341
0.017404
0.017465
0.017526
0.017586
0.017646
0.017705
0.017763
0.017820
0.017877
0.017933
0.017988
0.018043
0.018097
0.018150
0.018202
0.018254
0.018305
0.018355
0.018405
0.018453
0.018502
0.018549
0.018596
0.018641
0.018687
0.018731
0.018775
0.018818
0.018860
0.018901
0.018942
0.018982
0.019021
0.019060
0.019097
0.019134
0.019170
0.019206
0.019241
0.019274
0.019308
0.019340
0.019372
0.019403
0.019433
0.019462
0.019491
0.019518
0.019545
0.019572
0.019597
0.019622
0.019646
0.019669
0.019691
0.019713
0.019734
0.019754
0.019773
0.019792
0.019809
0.019826
0.019842
0.019858
0.019872
0.019886
0.019899
0.019911
0.019923
0.019933
0.019943
0.019952
0.019961
0.019968
0.019975
0.019981
0.019986
0.019990
0.019994
0.019996
0.019998
0.020000
0.020000
0.020000
0.019998
0.019996
0.019994
0.019990
0.019986
0.019981
0.019975
0.019968
0.019961
0.019952
0.019943
0.019933
0.019923
0.019911
0.019899
0.019886
0.019872
0.019858
0.019842
0.019826
0.019809
0.019792
0.019773
0.019754
0.019734
0.019713
0.019691
0.019669
0.019646
0.019622
0.019597
0.019572
0.019545
0.019518
0.019491
0.019462
0.019433
0.019403
0.019372
0.019340
0.019308
0.019274
0.019241
0.019206
0.019170
0.019134
0.019097
0.019060
0.019021
0.018982
0.018942
0.018901
0.018860
0.018818
0.018775
0.018731
0.018687
0.018641
0.018596
0.018549
0.018502
0.018453
0.018405
0.018355
0.018305
0.018254
0.018202
0.018150
0.018097
0.018043
0.017988
0.017933
0.017877
0.017820
0.017763
0.017705
0.017646
0.017586
0.017526
0.017465
0.017404
0.017341
0.017278
0.017215
0.017151
0.017086
0.017020
0.016954
0.016887
0.016819
0.016751
0.016682
0.016612
0.016542
0.016471
0.016399
0.016327
0.016254
0.016180
0.016106
0.016031
0.015956
0.015880
0.015803
0.015726
0.015648
0.015569
0.015490
0.015410
0.015330
0.015249
0.015167
0.015085
0.015002
0.014919
0.014835
0.014750
0.014665
0.014579
0.014493
0.014406
0.014319
0.014231
0.014142
0.014053
0.013963
0.013873
0.013782
0.013691
0.013599
0.013507
0.013414
0.013320
0.013226
0.013132
0.013037
0.012941
0.012845
0.012748
0.012651
0.012554
0.012456
0.012357
0.012258
0.012159
0.012059
0.011958
0.011857
0.011756
0.011654
0.011551
0.011449
0.011345
0.011242
0.011138
0.011033
0.010928
0.010822
0.010717
0.010610
0.010503
0.010396
0.010289
0.010181
0.010072
0.009964
0.009855
0.009745
0.009635
0.009525
0.009414
0.009303
0.009192
0.009080
0.008968
0.008855
0.008742
0.008629
0.008516
0.008402
0.008288
0.008173
0.008058
0.007943
0.007827
0.007712
0.007596
0.007479
0.007362
0.007246
0.007128
0.007011
0.006893
0.006775
0.006656
0.006538
0.006419
0.006300
0.006180
0.006061
0.005941
0.005821
0.005700
0.005580
0.005459
0.005338
0.005217
0.005095
0.004974
0.004852
0.004730
0.004608
0.004485
0.004363
0.004240
0.004117
0.003994
0.003871
0.003748
0.003624
0.003500
0.003377
0.003253
0.003129
0.003005
0.002880
0.002756
0.002631
0.002507
0.002382
0.002257
0.002132
0.002007
0.001882
0.001757
0.001632
0.001507
0.001381
0.001256
0.001130
0.001005
0.000879
0.000754
0.000628
0.000503
0.000377
0.000251
0.000126
0.000000
-0.000126
-0.000251
-0.000377
-0.000503
-0.000628
-0.000754
-0.000879
-0.001005
-0.001130
-0.001256
-0.001381
-0.001507
-0.001632
-0.001757
-0.001882
-0.002007
-0.002132
-0.002257
-0.002382
-0.002507
-0.002631
-0.002756
-0.002880
-0.003005
-0.003129
-0.003253
-0.003377
-0.003500
-0.003624
-0.003748
-0.003871
-0.003994
-0.004117
-0.004240
-0.004363
-0.004485
-0.004608
-0.004730
-0.004852
-0.004974
-0.005095
-0.005217
-0.005338
-0.005459
-0.005580
-0.005700
-0.005821
-0.005941
-0.006061
-0.006180
-0.006300
-0.006419
-0.006538
-0.006656
-0.006775
-0.006893
-0.007011
-0.007128
-0.007246
-0.007362
-0.007479
-0.007596
-0.007712
-0.007827
-0.007943
-0.008058
-0.008173
-0.008288
-0.008402
-0.008516
-0.008629
-0.008742
-0.008855
-0.008968
-0.009080
-0.009192
-0.009303
-0.009414
-0.009525
-0.009635
-0.009745
-0.009855
-0.009964
-0.010072
-0.010181
-0.010289
-0.010396
-0.010503
-0.010610
-0.010717
-0.010822
-0.010928
-0.011033
-0.011138
-0.011242
-0.011345
-0.011449
-0.011551
-0.011654
-0.011756
-0.011857
-0.011958
-0.012059
-0.012159
-0.012258
-0.012357
-0.012456
-0.012554
-0.012651
-0.012748
-0.012845
-0.012941
-0.013037
-0.013132
-0.013226
-0.013320
-0.013414
-0.013507
-0.013599
-0.013691
-0.013782
-0.013873
-0.013963
-0.014053
-0.014142
-0.014231
-0.014319
-0.014406
-0.014493
-0.014579
-0.014665
-0.014750
-0.014835
-0.014919
-0.015002
-0.015085
-0.015167
-0.015249
-0.015330
-0.015410
-0.015490
-0.015569
-0.015648
-0.015726
-0.015803
-0.015880
-0.015956
-0.016031
-0.016106
-0.016180
-0.016254
-0.016327
-0.016399
-0.016471
-0.016542
-0.016612
-0.016682
-0.016751
-0.016819
-0.016887
-0.016954
-0.017020
-0.017086
-0.017151
-0.017215
-0.017278
-0.017341
-0.017404
-0.017465
-0.017526
-0.017586
-0.017646
-0.017705
-0.017763
-0.017820
-0.017877
-0.017933
-0.017988
-0.018043
-0.018097
-0.018150
-0.018202
-0.018254
-0.018305
-0.018355
-0.018405
-0.018453
-0.018502
-0.018549
-0.018596
-0.018641
-0.018687
-0.018731
-0.018775
-0.018818
-0.018860
-0.018901
-0.018942
-0.018982
-0.019021
-0.019060
-0.019097
-0.019134
-0.019170
-0.019206
-0.019241
-0.019274
-0.019308
-0.019340
-0.019372
-0.019403
-0.019433
-0.019462
-0.019491
-0.019518
-0.019545
-0.019572
-0.019597
-0.019622
-0.019646
-0.019669
-0.019691
-0.019713
-0.019734
-0.019754
-0.019773
-0.019792
-0.019809
-0.019826
-0.019842
-0.019858
-0.019872
-0.019886
-0.019899
-0.019911
-0.019923
-0.019933
-0.019943
-0.019952
-0.019961
-0.019968
-0.019975
-0.019981
-0.019986
-0.019990
-0.019994
-0.019996
-0.019998
-0.020000
-0.020000
-0.020000
-0.019998
-0.019996
-0.019994
-0.019990
-0.019986
-0.019981
-0.019975
-0.019968
-0.019961
-0.019952
-0.019943
-0.019933
-0.019923
-0.019911
-0.019899
-0.019886
-0.019872
-0.019858
-0.019842
-0.019826
-0.019809
-0.019792
-0.019773
-0.019754
-0.019734
-0.019713
-0.019691
-0.019669
-0.019646
-0.019622
-0.019597
-0.019572
-0.019545
-0.019518
-0.019491
-0.019462
-0.019433
-0.019403
-0.019372
-0.019340
-0.019308
-0.019274
-0.019241
-0.019206
-0.019170
-0.019134
-0.019097
-0.019060
-0.019021
-0.018982
-0.018942
-0.018901
-0.018860
-0.018818
-0.018775
-0.018731
-0.018687
-0.018641
-0.018596
-0.018549
-0.018502
-0.018453
-0.018405
-0.018355
-0.018305
-0.018254
-0.018202
-0.018150
-0.018097
-0.018043
-0.017988
-0.017933
-0.017877
-0.017820
-0.017763
-0.017705
-0.017646
-0.017586
-0.017526
-0.017465
-0.017404
-0.017341
-0.017278
-0.017215
-0.017151
-0.017086
-0.017020
-0.016954
-0.016887
-0.016819
-0.016751
-0.016682
-0.016612
-0.016542
-0.016471
-0.016399
-0.016327
-0.016254
-0.016180
-0.016106
-0.016031
-0.015956
-0.015880
-0.015803
-0.015726
-0.015648
-0.015569
-0.015490
-0.015410
-0.015330
-0.015249
-0.015167
-0.015085
-0.015002
-0.014919
-0.014835
-0.014750
-0.014665
-0.014579
-0.014493
-0.014406
-0.014319
-0.014231
-0.014142
-0.014053
-0.013963
-0.013873
-0.013782
-0.013691
-0.013599
-0.013507
-0.013414
-0.013320
-0.013226
-0.013132
-0.013037
-0.012941
-0.012845
-0.012748
-0.012651
-0.012554
-0.012456
-0.012357
-0.012258
-0.012159
-0.012059
-0.011958
-0.011857
-0.011756
-0.011654
-0.011551
-0.011449
-0.011345
-0.011242
-0.011138
-0.011033
-0.010928
-0.010822
-0.010717
-0.010610
-0.010503
-0.010396
-0.010289
-0.010181
-0.010072
-0.009964
-0.009855
-0.009745
-0.009635
-0.009525
-0.009414
-0.009303
-0.009192
-0.009080
-0.008968
-0.008855
-0.008742
-0.008629
-0.008516
-0.008402
-0.008288
-0.008173
-0.008058
-0.007943
-0.007827
-0.007712
-0.007596
-0.007479
-0.007362
-0.007246
-0.007128
-0.007011
-0.006893
-0.006775
-0.006656
-0.006538
-0.006419
-0.006300
-0.006180
-0.006061
-0.005941
-0.005821
-0.005700
-0.005580
-0.005459
-0.005338
-0.005217
-0.005095
-0.004974
-0.004852
-0.004730
-0.004608
-0.004485
-0.004363
-0.004240
-0.004117
-0.003994
-0.003871
-0.003748
-0.003624
-0.003500
-0.003377
-0.003253
-0.003129
-0.003005
-0.002880
-0.002756
-0.002631
-0.002507
-0.002382
-0.002257
-0.002132
-0.002007
-0.001882
-0.001757
-0.001632
-0.001507
-0.001381
-0.001256
-0.001130
-0.001005
-0.000879
-0.000754
-0.000628
-0.000503
-0.000377
-0.000251
-0.000126
-0.000000
0.000126
0.000251
0.000377
0.000503
0.000628
0.000754
0.000879
0.001005
0.001130
0.001256
0.001381
0.001507
0.001632
0.001757
0.001882
0.002007
0.002132
0.002257
0.002382
0.002507
0.002631
0.002756
0.002880
0.003005
0.003129
0.003253
0.003377
0.003500
0.003624
0.003748
0.003871
0.003994
0.004117
0.004240
0.004363
0.004485
0.004608
0.004730
0.004852
0.004974
0.005095
0.005217
0.005338
0.005459
0.005580
0.005700
0.005821
0.005941
0.006061
0.006180
0.006300
0.006419
0.006538
0.006656
0.006775
0.006893
0.007011
0.007128
0.007246
0.007362
0.007479
0.007596
0.007712
0.007827
0.007943
0.008058
0.008173
0.008288
0.008402
0.008516
0.008629
0.008742
0.008855
0.008968
0.009080
0.009192
0.009303
0.009414
0.009525
0.009635
0.009745
0.009855
0.009964
0.010072
0.010181
0.010289
0.010396
0.010503
0.010610
0.010717
0.010822
0.010928
0.011033
0.011138
0.011242
0.011345
0.011449
0.011551
0.011654
0.011756
0.011857
0.011958
0.012059
0.012159
0.012258
0.012357
0.012456
0.012554
0.012651
0.012748
0.012845
0.012941
0.013037
0.013132
0.013226
0.013320
0.013414
0.013507
0.013599
0.013691
0.013782
0.013873
0.013963
0.014053
0.014142
0.014231
0.014319
0.014406
0.014493
0.014579
0.014665
0.014750
0.014835
0.014919
0.015002
0.015085
0.015167
0.015249
0.015330
0.015410
0.015490
0.015569
0.015648
0.015726
0.015803
0.015880
0.015956
0.016031
0.016106
0.016180
0.016254
0.016327
0.016399
0.016471
0.016542
0.016612
0.016682
0.016751
0.016819
0.016887
0.016954
0.017020
0.017086
0.017151
0.017215
0.017278
0.017341
0.017404
0.017465
0.017526
0.017586
0.017646
0.017705
0.017763
0.017820
0.017877
0.017933
0.017988
0.018043
0.018097
0.018150
0.018202
0.018254
0.018305
0.018355
0.018405
0.018453
0.018502
0.018549
0.018596
0.018641
0.018687
0.018731
0.018775
0.018818
0.018860
0.018901
0.018942
0.018982
0.019021
0.019060
0.019097
0.019134
0.019170
0.019206
0.019241
0.019274
0.019308
0.019340
0.019372
0.019403
0.019433
0.019462
0.019491
0.019518
0.019545
0.019572
0.019597
0.019622
0.019646
0.019669
0.019691
0.019713
0.019734
0.019754
0.019773
0.019792
0.019809
0.019826
0.019842
0.019858
0.019872
0.019886
0.019899
0.019911
0.019923
0.019933
0.019943
0.019952
0.019961
0.019968
0.019975
0.019981
0.019986
0.019990
0.019994
0.019996
0.019998
0.020000
0.020000
0.020000
0.019998
0.019996
0.019994
0.019990
0.019986
0.019981
0.019975
0.019968
0.019961
0.019952
0.019943
0.019933
0.019923
0.019911
0.019899
0.019886
0.019872
0.019858
0.019842
0.019826
0.019809
0.019792
0.019773
0.019754
0.019734
0.019713
0.019691
0.019669
0.019646
0.019622
0.019597
0.019572
0.019545
0.019518
0.019491
0.019462
0.019433
0.019403
0.019372
0.019340
0.019308
0.019274
0.019241
0.019206
0.019170
0.019134
0.019097
0.019060
0.019021
0.018982
0.018942
0.018901
0.018860
0.018818
0.018775
0.018731
0.018687
0.018641
0.018596
0.018549
0.018502
0.018453
0.018405
0.018355
0.018305
0.018254
0.018202
0.018150
0.018097
0.018043
0.017988
0.017933
0.017877
0.017820
0.017763
0.017705
0.017646
0.017586
0.017526
0.017465
0.017404
0.017341
0.017278
0.017215
0.017151
0.017086
0.017020
0.016954
0.016887
0.016819
0.016751
0.016682
0.016612
0.016542
0.016471
0.016399
0.016327
0.016254
0.016180
0.016106
0.016031
0.015956
0.015880
0.015803
0.015726
0.015648
0.015569
0.015490
0.015410
0.015330
0.015249
0.015167
0.015085
0.015002
0.014919
0.014835
0.014750
0.014665
0.014579
0.014493
0.014406
0.014319
0.014231
0.014142
0.014053
0.013963
0.013873
0.013782
0.013691
0.013599
0.013507
0.013414
0.013320
0.013226
0.013132
0.013037
0.012941
0.012845
0.012748
0.012651
0.012554
0.012456
0.012357
0.012258
0.012159
0.012059
0.011958
0.011857
0.011756
0.011654
0.011551
0.011449
0.011345
0.011242
0.011138
0.011033
0.010928
0.010822
0.010717
0.010610
0.010503
0.010396
0.010289
0.010181
0.010072
0.009964
0.009855
0.009745
0.009635
0.009525
0.009414
0.009303
0.009192
0.009080
0.008968
0.008855
0.008742
0.008629
0.008516
0.008402
0.008288
0.008173
0.008058
0.007943
0.007827
0.007712
0.007596
0.007479
0.007362
0.007246
0.007128
0.007011
0.006893
0.006775
0.006656
0.006538
0.006419
0.006300
0.006180
0.006061
0.005941
0.005821
0.005700
0.005580
0.005459
0.005338
0.005217
0.005095
0.004974
0.004852
0.004730
0.004608
0.004485
0.004363
0.004240
0.004117
0.003994
0.003871
0.003748
0.003624
0.003500
0.003377
0.003253
0.003129
0.003005
0.002880
0.002756
0.002631
0.002507
0.002382
0.002257
0.002132
0.002007
0.001882
0.001757
0.001632
0.001507
0.001381
0.001256
0.001130
0.001005
0.000879
0.000754
0.000628
0.000503
0.000377
0.000251
0.000126
0.000000
-0.000126
-0.000251
-0.000377
-0.000503
-0.000628
-0.000754
-0.000879
-0.001005
-0.001130
-0.001256
-0.001381
-0.001507
-0.001632
-0.001757
-0.001882
-0.002007
-0.002132
-0.002257
-0.002382
-0.002507
-0.002631
-0.002756
-0.002880
-0.003005
-0.003129
-0.003253
-0.003377
-0.003500
-0.003624
-0.003748
-0.003871
-0.003994
-0.004117
-0.004240
-0.004363
-0.004485
-0.004608
-0.004730
-0.004852
-0.004974
-0.005095
-0.005217
-0.005338
-0.005459
-0.005580
-0.005700
-0.005821
-0.005941
-0.006061
-0.006180
-0.006300
-0.006419
-0.006538
-0.006656
-0.006775
-0.006893
-0.007011
-0.007128
-0.007246
-0.007362
-0.007479
-0.007596
-0.007712
-0.007827
-0.007943
-0.008058
-0.008173
-0.008288
-0.008402
-0.008516
-0.008629
-0.008742
-0.008855
-0.008968
-0.009080
-0.009192
-0.009303
-0.009414
-0.009525
-0.009635
-0.009745
-0.009855
-0.009964
-0.010072
-0.010181
-0.010289
-0.010396
-0.010503
-0.010610
-0.010717
-0.010822
-0.010928
-0.011033
-0.011138
-0.011242
-0.011345
-0.011449
-0.011551
-0.011654
-0.011756
-0.011857
-0.011958
-0.012059
-0.012159
-0.012258
-0.012357
-0.012456
-0.012554
-0.012651
-0.012748
-0.012845
-0.012941
-0.013037
-0.013132
-0.013226
-0.013320
-0.013414
-0.013507
-0.013599
-0.013691
-0.013782
-0.013873
-0.013963
-0.014053
-0.014142
-0.014231
-0.014319
-0.014406
-0.014493
-0.014579
-0.014665
-0.014750
-0.014835
-0.014919
-0.015002
-0.015085
-0.015167
-0.015249
-0.015330
-0.015410
-0.015490
-0.015569
-0.015648
-0.015726
-0.015803
-0.015880
-0.015956
-0.016031
-0.016106
-0.016180
-0.016254
-0.016327
-0.016399
-0.016471
-0.016542
-0.016612
-0.016682
-0.016751
-0.016819
-0.016887
-0.016954
-0.017020
-0.017086
-0.017151
-0.017215
-0.017278
-0.017341
-0.017404
-0.017465
-0.017526
-0.017586
-0.017646
-0.017705
-0.017763
-0.017820
-0.017877
-0.017933
-0.017988
-0.018043
-0.018097
-0.018150
-0.018202
-0.018254
-0.018305
-0.018355
-0.018405
-0.018453
-0.018502
-0.018549
-0.018596
-0.018641
-0.018687
-0.018731
-0.018775
-0.018818
-0.018860
-0.018901
-0.018942
-0.018982
-0.019021
-0.019060
-0.019097
-0.019134
-0.019170
-0.019206
-0.019241
-0.019274
-0.019308
-0.019340
-0.019372
-0.019403
-0.019433
-0.019462
-0.019491
-0.019518
-0.019545
-0.019572
-0.019597
-0.019622
-0.019646
-0.019669
-0.019691
-0.019713
-0.019734
-0.019754
-0.019773
-0.019792
-0.019809
-0.019826
-0.019842
-0.019858
-0.019872
-0.019886
-0.019899
-0.019911
-0.019923
-0.019933
-0.019943
-0.019952
-0.019961
-0.019968
-0.019975
-0.019981
-0.019986
-0.019990
-0.019994
-0.019996
-0.019998
-0.020000
-0.020000
-0.020000
-0.019998
-0.019996
-0.019994
-0.019990
-0.019986
-0.019981
-0.019975
-0.019968
-0.019961
-0.019952
-0.019943
-0.019933
-0.019923
-0.019911
-0.019899
-0.019886
-0.019872
-0.019858
-0.019842
-0.019826
-0.019809
-0.019792
-0.019773
-0.019754
-0.019734
-0.019713
-0.019691
-0.019669
-0.019646
-0.019622
-0.019597
-0.019572
-0.019545
-0.019518
-0.019491
-0.019462
-0.019433
-0.019403
-0.019372
-0.019340
-0.019308
-0.019274
-0.019241
-0.019206
-0.019170
-0.019134
-0.019097
-0.019060
-0.019021
-0.018982
-0.018942
-0.018901
-0.018860
-0.018818
-0.018775
-0.018731
-0.018687
-0.018641
-0.018596
-0.018549
-0.018502
-0.018453
-0.018405
-0.018355
-0.018305
-0.018254
-0.018202
-0.018150
-0.018097
-0.018043
-0.017988
-0.017933
-0.017877
-0.017820
-0.017763
-0.017705
-0.017646
-0.017586
-0.017526
-0.017465
-0.017404
-0.017341
-0.017278
-0.017215
-0.017151
-0.017086
-0.017020
-0.016954
-0.016887
-0.016819
-0.016751
-0.016682
-0.016612
-0.016542
-0.016471
-0.016399
-0.016327
-0.016254
-0.016180
-0.016106
-0.016031
-0.015956
-0.015880
-0.015803
-0.015726
-0.015648
-0.015569
-0.015490
-0.015410
-0.015330
-0.015249
-0.015167
-0.015085
-0.015002
-0.014919
-0.014835
-0.014750
-0.014665
-0.014579
-0.014493
-0.014406
-0.014319
-0.014231
-0.014142
-0.014053
-0.013963
-0.013873
-0.013782
-0.013691
-0.013599
-0.013507
-0.013414
-0.013320
-0.013226
-0.013132
-0.013037
-0.012941
-0.012845
-0.012748
-0.012651
-0.012554
-0.012456
-0.012357
-0.012258
-0.012159
-0.012059
-0.011958
-0.011857
-0.011756
-0.011654
-0.011551
-0.011449
-0.011345
-0.011242
-0.011138
-0.011033
-0.010928
-0.010822
-0.010717
-0.010610
-0.010503
-0.010396
-0.010289
-0.010181
-0.010072
-0.009964
-0.009855
-0.009745
-0.009635
-0.009525
-0.009414
-0.009303
-0.009192
-0.009080
-0.008968
-0.008855
-0.008742
-0.008629
-0.008516
-0.008402
-0.008288
-0.008173
-0.008058
-0.007943
-0.007827
-0.007712
-0.007596
-0.007479
-0.007362
-0.007246
-0.007128
-0.007011
-0.006893
-0.006775
-0.006656
-0.006538
-0.006419
-0.006300
-0.006180
-0.006061
-0.005941
-0.005821
-0.005700
-0.005580
-0.005459
-0.005338
-0.005217
-0.005095
-0.004974
-0.004852
-0.004730
-0.004608
-0.004485
-0.004363
-0.004240
-0.004117
-0.003994
-0.003871
-0.003748
-0.003624
-0.003500
-0.003377
-0.003253
-0.003129
-0.003005
-0.002880
-0.002756
-0.002631
-0.002507
-0.002382
-0.002257
-0.002132
-0.002007
-0.001882
-0.001757
-0.001632
-0.001507
-0.001381
-0.001256
-0.001130
-0.001005
-0.000879
-0.000754
-0.000628
-0.000503
-0.000377
-0.000251
-0.000126
-0.000000
0.000126
0.000251
0.000377
0.000503
0.000628
0.000754
0.000879
0.001005
0.001130
0.001256
0.001381
0.001507
0.001632
0.001757
0.001882
0.002007
0.002132
0.002257
0.002382
0.002507
0.002631
0.002756
0.002880
0.003005
0.003129
0.003253
0.003377
0.003500
0.003624
0.003748
0.003871
0.003994
0.004117
0.004240
0.004363
0.004485
0.004608
0.004730
0.004852
0.004974
0.005095
0.005217
0.005338
0.005459
0.005580
0.005700
0.005821
0.005941
0.006061
0.006180
0.006300
0.006419
0.006538
0.006656
0.006775
0.006893
0.007011
0.007128
0.007246
0.007362
0.007479
0.007596
0.007712
0.007827
0.007943
0.008058
0.008173
0.008288
0.008402
0.008516
0.008629
0.008742
0.008855
0.008968
0.009080
0.009192
0.009303
0.009414
0.009525
0.009635
0.009745
0.009855
0.009964
0.010072
0.010181
0.010289
0.010396
0.010503
0.010610
0.010717
0.010822
0.010928
0.011033
0.011138
0.011242
0.011345
0.011449
0.011551
0.011654
0.011756
0.011857
0.011958
0.012059
0.012159
0.012258
0.012357
0.012456
0.012554
0.012651
0.012748
0.012845
0.012941
0.013037
0.013132
0.013226
0.013320
0.013414
0.013507
0.013599
0.013691
0.013782
0.013873
0.013963
0.014053
0.014142
0.014231
0.014319
0.014406
0.014493
0.014579
0.014665
0.014750
0.014835
0.014919
0.015002
0.015085
0.015167
0.015249
0.015330
0.015410
0.015490
0.015569
0.015648
0.015726
0.015803
0.015880
0.015956
0.016031
0.016106
0.016180
0.016254
0.016327
0.016399
0.016471
0.016542
0.016612
0.016682
0.016751
0.016819
0.016887
0.016954
0.017020
0.017086
0.017151
0.017215
0.017278
0.017341
0.017404
0.017465
0.017526
0.017586
0.017646
0.017705
0.017763
0.017820
0.017877
0.017933
0.017988
0.018043
0.018097
0.018150
0.018202
0.018254
0.018305
0.018355
0.018405
0.018453
0.018502
0.018549
0.018596
0.018641
0.018687
0.018731
0.018775
0.018818
0.018860
0.018901
0.018942
0.018982
0.019021
0.019060
0.019097
0.019134
0.019170
0.019206
0.019241
0.019274
0.019308
0.019340
0.019372
0.019403
0.019433
0.019462
0.019491
0.019518
0.019545
0.019572
0.019597
0.019622
0.019646
0.019669
0.019691
0.019713
0.019734
0.019754
0.019773
0.019792
0.019809
0.019826
0.019842
0.019858
0.019872
0.019886
0.019899
0.019911
0.019923
0.019933
0.019943
0.019952
0.019961
0.019968
0.019975
0.019981
0.019986
0.019990
0.019994
0.019996
0.019998
0.020000
0.020000
0.020000
0.019998
0.019996
0.019994
0.019990
0.019986
0.019981
0.019975
0.019968
0.019961
0.019952
0.019943
0.019933
0.019923
0.019911
0.019899
0.019886
0.019872
0.019858
0.019842
0.019826
0.019809
0.019792
0.019773
0.019754
0.019734
0.019713
0.019691
0.019669
0.019646
0.019622
0.019597
0.019572
0.019545
0.019518
0.019491
0.019462
0.019433
0.019403
0.019372
0.019340
0.019308
0.019274
0.019241
0.019206
0.019170
0.019134
0.019097
0.019060
0.019021
0.018982
0.018942
0.018901
0.018860
0.018818
0.018775
0.018731
0.018687
0.018641
0.018596
0.018549
0.018502
0.018453
0.018405
0.018355
0.018305
0.018254
0.018202
0.018150
0.018097
0.018043
0.017988
0.017933
0.017877
0.017820
0.017763
0.017705
0.017646
0.017586
0.017526
0.017465
0.017404
0.017341
0.017278
0.017215
0.017151
0.017086
0.017020
0.016954
0.016887
0.016819
0.016751
0.016682
0.016612
0.016542
0.016471
0.016399
0.016327
0.016254
0.016180
0.016106
0.016031
0.015956
0.015880
0.015803
0.015726
0.015648
0.015569
0.015490
0.015410
0.015330
0.015249
0.015167
0.015085
0.015002
0.014919
0.014835
0.014750
0.014665
0.014579
0.014493
0.014406
0.014319
0.014231
0.014142
0.014053
0.013963
0.013873
0.013782
0.013691
0.013599
0.013507
0.013414
0.013320
0.013226
0.013132
0.013037
0.012941
0.012845
0.012748
0.012651
0.012554
0.012456
0.012357
0.012258
0.012159
0.012059
0.011958
0.011857
0.011756
0.011654
0.011551
0.011449
0.011345
0.011242
0.011138
0.011033
0.010928
0.010822
0.010717
0.010610
0.010503
0.010396
0.010289
0.010181
0.010072
0.009964
0.009855
0.009745
0.009635
0.009525
0.009414
0.009303
0.009192
0.009080
0.008968
0.008855
0.008742
0.008629
0.008516
0.008402
0.008288
0.008173
0.008058
0.007943
0.007827
0.007712
0.007596
0.007479
0.007362
0.007246
0.007128
0.007011
0.006893
0.006775
0.006656
0.006538
0.006419
0.006300
0.006180
0.006061
0.005941
0.005821
0.005700
0.005580
0.005459
0.005338
0.005217
0.005095
0.004974
0.004852
0.004730
0.004608
0.004485
0.004363
0.004240
0.004117
0.003994
0.003871
0.003748
0.003624
0.003500
0.003377
0.003253
0.003129
0.003005
0.002880
0.002756
0.002631
0.002507
0.002382
0.002257
0.002132
0.002007
0.001882
0.001757
0.001632
0.001507
0.001381
0.001256
0.001130
0.001005
0.000879
0.000754
0.000628
0.000503
0.000377
0.000251
0.000126
-0.000000
-0.000126
-0.000251
-0.000377
-0.000503
-0.000628
-0.000754
-0.000879
-0.001005
-0.001130
-0.001256
-0.001381
-0.001507
-0.001632
-0.001757
-0.001882
-0.002007
-0.002132
-0.002257
-0.002382
-0.002507
-0.002631
-0.002756
-0.002880
-0.003005
-0.003129
-0.003253
-0.003377
-0.003500
-0.003624
-0.003748
-0.003871
-0.003994
-0.004117
-0.004240
-0.004363
-0.004485
-0.004608
-0.004730
-0.004852
-0.004974
-0.005095
-0.005217
-0.005338
-0.005459
-0.005580
-0.005700
-0.005821
-0.005941
-0.006061
-0.006180
-0.006300
-0.006419
-0.006538
-0.006656
-0.006775
-0.006893
-0.007011
-0.007128
-0.007246
-0.007362
-0.007479
-0.007596
-0.007712
-0.007827
-0.007943
-0.008058
-0.008173
-0.008288
-0.008402
-0.008516
-0.008629
-0.008742
-0.008855
-0.008968
-0.009080
-0.009192
-0.009303
-0.009414
-0.009525
-0.009635
-0.009745
-0.009855
-0.009964
-0.010072
-0.010181
-0.010289
-0.010396
-0.010503
-0.010610
-0.010717
-0.010822
-0.010928
-0.011033
-0.011138
-0.011242
-0.011345
-0.011449
-0.011551
-0.011654
-0.011756
-0.011857
-0.011958
-0.012059
-0.012159
-0.012258
-0.012357
-0.012456
-0.012554
-0.012651
-0.012748
-0.012845
-0.012941
-0.013037
-0.013132
-0.013226
-0.013320
-0.013414
-0.013507
-0.013599
-0.013691
-0.013782
-0.013873
-0.013963
-0.014053
-0.014142
-0.014231
-0.014319
-0.014406
-0.014493
-0.014579
-0.014665
-0.014750
-0.014835
-0.014919
-0.015002
-0.015085
-0.015167
-0.015249
-0.015330
-0.015410
-0.015490
-0.015569
-0.015648
-0.015726
-0.015803
-0.015880
-0.015956
-0.016031
-0.016106
-0.016180
-0.016254
-0.016327
-0.016399
-0.016471
-0.016542
-0.016612
-0.016682
-0.016751
-0.016819
-0.016887
-0.016954
-0.017020
-0.017086
-0.017151
-0.017215
-0.017278
-0.017341
-0.017404
-0.017465
-0.017526
-0.017586
-0.017646
-0.017705
-0.017763
-0.017820
-0.017877
-0.017933
-0.017988
-0.018043
-0.018097
-0.018150
-0.018202
-0.018254
-0.018305
-0.018355
-0.018405
-0.018453
-0.018502
-0.018549
-0.018596
-0.018641
-0.018687
-0.018731
-0.018775
-0.018818
-0.018860
-0.018901
-0.018942
-0.018982
-0.019021
-0.019060
-0.019097
-0.019134
-0.019170
-0.019206
-0.019241
-0.019274
-0.019308
-0.019340
-0.019372
-0.019403
-0.019433
-0.019462
-0.019491
-0.019518
-0.019545
-0.019572
-0.019597
-0.019622
-0.019646
-0.019669
-0.019691
-0.019713
-0.019734
-0.019754
-0.019773
-0.019792
-0.019809
-0.019826
-0.019842
-0.019858
-0.019872
-0.019886
-0.019899
-0.019911
-0.019923
-0.019933
-0.019943
-0.019952
-0.019961
-0.019968
-0.019975
-0.019981
-0.019986
-0.019990
-0.019994
-0.019996
-0.019998
-0.020000
-0.020000
-0.020000
-0.019998
-0.019996
-0.019994
-0.019990
-0.019986
-0.019981
-0.019975
-0.019968
-0.019961
-0.019952
-0.019943
-0.019933
-0.019923
-0.019911
-0.019899
-0.019886
-0.019872
-0.019858
-0.019842
-0.019826
-0.019809
-0.019792
-0.019773
-0.019754
-0.019734
-0.019713
-0.019691
-0.019669
-0.019646
-0.019622
-0.019597
-0.019572
-0.019545
-0.019518
-0.019491
-0.019462
-0.019433
-0.019403
-0.019372
-0.019340
-0.019308
-0.019274
-0.019241
-0.019206
-0.019170
-0.019134
-0.019097
-0.019060
-0.019021
-0.018982
-0.018942
-0.018901
-0.018860
-0.018818
-0.018775
-0.018731
-0.018687
-0.018641
-0.018596
-0.018549
-0.018502
-0.018453
-0.018405
-0.018355
-0.018305
-0.018254
-0.018202
-0.018150
-0.018097
-0.018043
-0.017988
-0.017933
-0.017877
-0.017820
-0.017763
-0.017705
-0.017646
-0.017586
-0.017526
-0.017465
-0.017404
-0.017341
-0.017278
-0.017215
-0.017151
-0.017086
-0.017020
-0.016954
-0.016887
-0.016819
-0.016751
-0.016682
-0.016612
-0.016542
-0.016471
-0.016399
-0.016327
-0.016254
-0.016180
-0.016106
-0.016031
-0.015956
-0.015880
-0.015803
-0.015726
-0.015648
-0.015569
-0.015490
-0.015410
-0.015330
-0.015249
-0.015167
-0.015085
-0.015002
-0.014919
-0.014835
-0.014750
-0.014665
-0.014579
-0.014493
-0.014406
-0.014319
-0.014231
-0.014142
-0.014053
-0.013963
-0.013873
-0.013782
-0.013691
-0.013599
-0.013507
-0.013414
-0.013320
-0.013226
-0.013132
-0.013037
-0.012941
-0.012845
-0.012748
-0.012651
-0.012554
-0.012456
-0.012357
-0.012258
-0.012159
-0.012059
-0.011958
-0.011857
-0.011756
-0.011654
-0.011551
-0.011449
-0.011345
-0.011242
-0.011138
-0.011033
-0.010928
-0.010822
-0.010717
-0.010610
-0.010503
-0.010396
-0.010289
-0.010181
-0.010072
-0.009964
-0.009855
-0.009745
-0.009635
-0.009525
-0.009414
-0.009303
-0.009192
-0.009080
-0.008968
-0.008855
-0.008742
-0.008629
-0.008516
-0.008402
-0.008288
-0.008173
-0.008058
-0.007943
-0.007827
-0.007712
-0.007596
-0.007479
-0.007362
-0.007246
-0.007128
-0.007011
-0.006893
-0.006775
-0.006656
-0.006538
-0.006419
-0.006300
-0.006180
-0.006061
-0.005941
-0.005821
-0.005700
-0.005580
-0.005459
-0.005338
-0.005217
-0.005095
-0.004974
-0.004852
-0.004730
-0.004608
-0.004485
-0.004363
-0.004240
-0.004117
-0.003994
-0.003871
-0.003748
-0.003624
-0.003500
-0.003377
-0.003253
-0.003129
-0.003005
-0.002880
-0.002756
-0.002631
-0.002507
-0.002382
-0.002257
-0.002132
-0.002007
-0.001882
-0.001757
-0.001632
-0.001507
-0.001381
-0.001256
-0.001130
-0.001005
-0.000879
-0.000754
-0.000628
-0.000503
-0.000377
-0.000251
-0.000126
-0.000000
0.000126
0.000251
0.000377
0.000503
0.000628
0.000754
0.000879
0.001005
0.001130
0.001256
0.001381
0.001507
0.001632
0.001757
0.001882
0.002007
0.002132
0.002257
0.002382
0.002507
0.002631
0.002756
0.002880
0.003005
0.003129
0.003253
0.003377
0.003500
0.003624
0.003748
0.003871
0.003994
0.004117
0.004240
0.004363
0.004485
0.004608
0.004730
0.004852
0.004974
0.005095
0.005217
0.005338
0.005459
0.005580
0.005700
0.005821
0.005941
0.006061
0.006180
0.006300
0.006419
0.006538
0.006656
0.006775
0.006893
0.007011
0.007128
0.007246
0.007362
0.007479
0.007596
0.007712
0.007827
0.007943
0.008058
0.008173
0.008288
0.008402
0.008516
0.008629
0.008742
0.008855
0.008968
0.009080
0.009192
0.009303
0.009414
0.009525
0.009635
0.009745
0.009855
0.009964
0.010072
0.010181
0.010289
0.010396
0.010503
0.010610
0.010717
0.010822
0.010928
0.011033
0.011138
0.011242
0.011345
0.011449
0.011551
0.011654
0.011756
0.011857
0.011958
0.012059
0.012159
0.012258
0.012357
0.012456
0.012554
0.012651
0.012748
0.012845
0.012941
0.013037
0.013132
0.013226
0.013320
0.013414
0.013507
0.013599
0.013691
0.013782
0.013873
0.013963
0.014053
0.014142
0.014231
0.014319
0.014406
0.014493
0.014579
0.014665
0.014750
0.014835
0.014919
0.015002
0.015085
0.015167
0.015249
0.015330
0.015410
0.015490
0.015569
0.015648
0.015726
0.015803
0.015880
0.015956
0.016031
0.016106
0.016180
0.016254
0.016327
0.016399
0.016471
0.016542
0.016612
0.016682
0.016751
0.016819
0.016887
0.016954
0.017020
0.017086
0.017151
0.017215
0.017278
0.017341
0.017404
0.017465
0.017526
0.017586
0.017646
0.017705
0.017763
0.017820
0.017877
0.017933
0.017988
0.018043
0.018097
0.018150
0.018202
0.018254
0.018305
0.018355
0.018405
0.018453
0.018502
0.018549
0.018596
0.018641
0.018687
0.018731
0.018775
0.018818
0.018860
0.018901
0.018942
0.018982
0.019021
0.019060
0.019097
0.019134
0.019170
0.019206
0.019241
0.019274
0.019308
0.019340
0.019372
0.019403
0.019433
0.019462
0.019491
0.019518
0.019545
0.019572
0.019597
0.019622
0.019646
0.019669
0.019691
0.019713
0.019734
0.019754
0.019773
0.019792
0.019809
0.019826
0.019842
0.019858
0.019872
0.019886
0.019899
0.019911
0.019923
0.019933
0.019943
0.019952
0.019961
0.019968
0.019975
0.019981
0.019986
0.019990
0.019994
0.019996
0.019998
0.020000
0.020000
0.020000
0.019998
0.019996
0.019994
0.019990
0.019986
0.019981
0.019975
0.019968
0.019961
0.019952
0.019943
0.019933
0.019923
0.019911
0.019899
0.019886
0.019872
0.019858
0.019842
0.019826
0.019809
0.019792
0.019773
0.019754
0.019734
0.019713
0.019691
0.019669
0.019646
0.019622
0.019597
0.019572
0.019545
0.019518
0.019491
0.019462
0.019433
0.019403
0.019372
0.019340
0.019308
0.019274
0.019241
0.019206
0.019170
0.019134
0.019097
0.019060
0.019021
0.018982
0.018942
0.018901
0.018860
0.018818
0.018775
0.018731
0.018687
0.018641
0.018596
0.018549
0.018502
0.018453
0.018405
0.018355
0.018305
0.018254
0.018202
0.018150
0.018097
0.018043
0.017988
0.017933
0.017877
0.017820
0.017763
0.017705
0.017646
0.017586
0.017526
0.017465
0.017404
0.017341
0.017278
0.017215
0.017151
0.017086
0.017020
0.016954
0.016887
0.016819
0.016751
0.016682
0.016612
0.016542
0.016471
0.016399
0.016327
0.016254
0.016180
0.016106
0.016031
0.015956
0.015880
0.015803
0.015726
0.015648
0.015569
0.015490
0.015410
0.015330
0.015249
0.015167
0.015085
0.015002
0.014919
0.014835
0.014750
0.014665
0.014579
0.014493
0.014406
0.014319
0.014231
0.014142
0.014053
0.013963
0.013873
0.013782
0.013691
0.013599
0.013507
0.013414
0.013320
0.013226
0.013132
0.013037
0.012941
0.012845
0.012748
0.012651
0.012554
0.012456
0.012357
0.012258
0.012159
0.012059
0.011958
0.011857
0.011756
0.011654
0.011551
0.011449
0.011345
0.011242
0.011138
0.011033
0.010928
0.010822
0.010717
0.010610
0.010503
0.010396
0.010289
0.010181
0.010072
0.009964
0.009855
0.009745
0.009635
0.009525
0.009414
0.009303
0.009192
0.009080
0.008968
0.008855
0.008742
0.008629
0.008516
0.008402
0.008288
0.008173
0.008058
0.007943
0.007827
0.007712
0.007596
0.007479
0.007362
0.007246
0.007128
0.007011
0.006893
0.006775
0.006656
0.006538
0.006419
0.006300
0.006180
0.006061
0.005941
0.005821
0.005700
0.005580
0.005459
0.005338
0.005217
0.005095
0.004974
0.004852
0.004730
0.004608
0.004485
0.004363
0.004240
0.004117
0.003994
0.003871
0.003748
0.003624
0.003500
0.003377
0.003253
0.003129
0.003005
0.002880
0.002756
0.002631
0.002507
0.002382
0.002257
0.002132
0.002007
0.001882
0.001757
0.001632
0.001507
0.001381
0.001256
0.001130
0.001005
0.000879
0.000754
0.000628
0.000503
0.000377
0.000251
0.000126
-0.000000
-0.000126
-0.000251
-0.000377
-0.000503
-0.000628
-0.000754
-0.000879
-0.001005
-0.001130
-0.001256
-0.001381
-0.001507
-0.001632
-0.001757
-0.001882
-0.002007
-0.002132
-0.002257
-0.002382
-0.002507
-0.002631
-0.002756
-0.002880
-0.003005
-0.003129
-0.003253
-0.003377
-0.003500
-0.003624
-0.003748
-0.003871
-0.003994
-0.004117
-0.004240
-0.004363
-0.004485
-0.004608
-0.004730
-0.004852
-0.004974
-0.005095
-0.005217
-0.005338
-0.005459
-0.005580
-0.005700
-0.005821
-0.005941
-0.006061
-0.006180
-0.006300
-0.006419
-0.006538
-0.006656
-0.006775
-0.006893
-0.007011
-0.007128
-0.007246
-0.007362
-0.007479
-0.007596
-0.007712
-0.007827
-0.007943
-0.008058
-0.008173
-0.008288
-0.008402
-0.008516
-0.008629
-0.008742
-0.008855
-0.008968
-0.009080
-0.009192
-0.009303
-0.009414
-0.009525
-0.009635
-0.009745
-0.009855
-0.009964
-0.010072
-0.010181
-0.010289
-0.010396
-0.010503
-0.010610
-0.010717
-0.010822
-0.010928
-0.011033
-0.011138
-0.011242
-0.011345
-0.011449
-0.011551
-0.011654
-0.011756
-0.011857
-0.011958
-0.012059
-0.012159
-0.012258
-0.012357
-0.012456
-0.012554
-0.012651
-0.012748
-0.012845
-0.012941
-0.013037
-0.013132
-0.013226
-0.013320
-0.013414
-0.013507
-0.013599
-0.013691
-0.013782
-0.013873
-0.013963
-0.014053
-0.014142
-0.014231
-0.014319
-0.014406
-0.014493
-0.014579
-0.014665
-0.014750
-0.014835
-0.014919
-0.015002
-0.015085
-0.015167
-0.015249
-0.015330
-0.015410
-0.015490
-0.015569
-0.015648
-0.015726
-0.015803
-0.015880
-0.015956
-0.016031
-0.016106
-0.016180
-0.016254
-0.016327
-0.016399
-0.016471
-0.016542
-0.016612
-0.016682
-0.016751
-0.016819
-0.016887
-0.016954
-0.017020
-0.017086
-0.017151
-0.017215
-0.017278
-0.017341
-0.017404
-0.017465
-0.017526
-0.017586
-0.017646
-0.017705
-0.017763
-0.017820
-0.017877
-0.017933
-0.017988
-0.018043
-0.018097
-0.018150
-0.018202
-0.018254
-0.018305
-0.018355
-0.018405
-0.018453
-0.018502
-0.018549
-0.018596
-0.018641
-0.018687
-0.018731
-0.018775
-0.018818
-0.018860
-0.018901
-0.018942
-0.018982
-0.019021
-0.019060
-0.019097
-0.019134
-0.019170
-0.019206
-0.019241
-0.019274
-0.019308
-0.019340
-0.019372
-0.019403
-0.019433
-0.019462
-0.019491
-0.019518
-0.019545
-0.019572
-0.019597
-0.019622
-0.019646
-0.019669
-0.019691
-0.019713
-0.019734
-0.019754
-0.019773
-0.019792
-0.019809
-0.019826
-0.019842
-0.019858
-0.019872
-0.019886
-0.019899
-0.019911
-0.019923
-0.019933
-0.019943
-0.019952
-0.019961
-0.019968
-0.019975
-0.019981
-0.019986
-0.019990
-0.019994
-0.019996
-0.019998
-0.020000
-0.020000
-0.020000
-0.019998
-0.019996
-0.019994
-0.019990
-0.019986
-0.019981
-0.019975
-0.019968
-0.019961
-0.019952
-0.019943
-0.019933
-0.019923
-0.019911
-0.019899
-0.019886
-0.019872
-0.019858
-0.019842
-0.019826
-0.019809
-0.019792
-0.019773
-0.019754
-0.019734
-0.019713
-0.019691
-0.019669
-0.019646
-0.019622
-0.019597
-0.019572
-0.019545
-0.019518
-0.019491
-0.019462
-0.019433
-0.019403
-0.019372
-0.019340
-0.019308
-0.019274
-0.019241
-0.019206
-0.019170
-0.019134
-0.019097
-0.019060
-0.019021
-0.018982
-0.018942
-0.018901
-0.018860
-0.018818
-0.018775
-0.018731
-0.018687
-0.018641
-0.018596
-0.018549
-0.018502
-0.018453
-0.018405
-0.018355
-0.018305
-0.018254
-0.018202
-0.018150
-0.018097
-0.018043
-0.017988
-0.017933
-0.017877
-0.017820
-0.017763
-0.017705
-0.017646
-0.017586
-0.017526
-0.017465
-0.017404
-0.017341
-0.017278
-0.017215
-0.017151
-0.017086
-0.017020
-0.016954
-0.016887
-0.016819
-0.016751
-0.016682
-0.016612
-0.016542
-0.016471
-0.016399
-0.016327
-0.016254
-0.016180
-0.016106
-0.016031
-0.015956
-0.015880
-0.015803
-0.015726
-0.015648
-0.015569
-0.015490
-0.015410
-0.015330
-0.015249
-0.015167
-0.015085
-0.015002
-0.014919
-0.014835
-0.014750
-0.014665
-0.014579
-0.014493
-0.014406
-0.014319
-0.014231
-0.014142
-0.014053
-0.013963
-0.013873
-0.013782
-0.013691
-0.013599
-0.013507
-0.013414
-0.013320
-0.013226
-0.013132
-0.013037
-0.012941
-0.012845
-0.012748
-0.012651
-0.012554
-0.012456
-0.012357
-0.012258
-0.012159
-0.012059
-0.011958
-0.011857
-0.011756
-0.011654
-0.011551
-0.011449
-0.011345
-0.011242
-0.011138
-0.011033
-0.010928
-0.010822
-0.010717
-0.010610
-0.010503
-0.010396
-0.010289
-0.010181
-0.010072
-0.009964
-0.009855
-0.009745
-0.009635
-0.009525
-0.009414
-0.009303
-0.009192
-0.009080
-0.008968
-0.008855
-0.008742
-0.008629
-0.008516
-0.008402
-0.008288
-0.008173
-0.008058
-0.007943
-0.007827
-0.007712
-0.007596
-0.007479
-0.007362
-0.007246
-0.007128
-0.007011
-0.006893
-0.006775
-0.006656
-0.006538
-0.006419
-0.006300
-0.006180
-0.006061
-0.005941
-0.005821
-0.005700
-0.005580
-0.005459
-0.005338
-0.005217
-0.005095
-0.004974
-0.004852
-0.004730
-0.004608
-0.004485
-0.004363
-0.004240
-0.004117
-0.003994
-0.003871
-0.003748
-0.003624
-0.003500
-0.003377
-0.003253
-0.003129
-0.003005
-0.002880
-0.002756
-0.002631
-0.002507
-0.002382
-0.002257
-0.002132
-0.002007
-0.001882
-0.001757
-0.001632
-0.001507
-0.001381
-0.001256
-0.001130
-0.001005
-0.000879
-0.000754
-0.000628
-0.000503
-0.000377
-0.000251
-0.000126
-0.000000
0.000126
0.000251
0.000377
0.000503
0.000628
0.000754
0.000879
0.001005
0.001130
0.001256
0.001381
0.001507
0.001632
0.001757
0.001882
0.002007
0.002132
0.002257
0.002382
0.002507
0.002631
0.002756
0.002880
0.003005
0.003129
0.003253
0.003377
0.003500
0.003624
0.003748
0.003871
0.003994
0.004117
0.004240
0.004363
0.004485
0.004608
0.004730
0.004852
0.004974
0.005095
0.005217
0.005338
0.005459
0.005580
0.005700
0.005821
0.005941
0.006061
0.006180
0.006300
0.006419
0.006538
0.006656
0.006775
0.006893
0.007011
0.007128
0.007246
0.007362
0.007479
0.007596
0.007712
0.007827
0.007943
0.008058
0.008173
0.008288
0.008402
0.008516
0.008629
0.008742
0.008855
0.008968
0.009080
0.009192
0.009303
0.009414
0.009525
0.009635
0.009745
0.009855
0.009964
0.010072
0.010181
0.010289
0.010396
0.010503
0.010610
0.010717
0.010822
0.010928
0.011033
0.011138
0.011242
0.011345
0.011449
0.011551
0.011654
0.011756
0.011857
0.011958
0.012059
0.012159
0.012258
0.012357
0.012456
0.012554
0.012651
0.012748
0.012845
0.012941
0.013037
0.013132
0.013226
0.013320
0.013414
0.013507
0.013599
0.013691
0.013782
0.013873
0.013963
0.014053
0.014142
0.014231
0.014319
0.014406
0.014493
0.014579
0.014665
0.014750
0.014835
0.014919
0.015002
0.015085
0.015167
0.015249
0.015330
0.015410
0.015490
0.015569
0.015648
0.015726
0.015803
0.015880
0.015956
0.016031
0.016106
0.016180
0.016254
0.016327
0.016399
0.016471
0.016542
0.016612
0.016682
0.016751
0.016819
0.016887
0.016954
0.017020
0.017086
0.017151
0.017215
0.017278
0.017341
0.017404
0.017465
0.017526
0.017586
0.017646
0.017705
0.017763
0.017820
0.017877
0.017933
0.017988
0.018043
0.018097
0.018150
0.018202
0.018254
0.018305
0.018355
0.018405
0.018453
0.018502
0.018549
0.018596
0.018641
0.018687
0.018731
0.018775
0.018818
0.018860
0.018901
0.018942
0.018982
0.019021
0.019060
0.019097
0.019134
0.019170
0.019206
0.019241
0.019274
0.019308
0.019340
0.019372
0.019403
0.019433
0.019462
0.019491
0.019518
0.019545
0.019572
0.019597
0.019622
0.019646
0.019669
0.019691
0.019713
0.019734
0.019754
0.019773
0.019792
0.019809
0.019826
0.019842
0.019858
0.019872
0.019886
0.019899
0.019911
0.019923
0.019933
0.019943
0.019952
0.019961
0.019968
0.019975
0.019981
0.019986
0.019990
0.019994
0.019996
0.019998
0.020000
