-8.000000
-7.936918
-7.748665
-7.438212
-7.010453
-6.472136
-5.831749
-5.099392
-4.286614
-3.406234
-2.472136
-1.499051
-0.502324
0.502324
1.499051
2.472136
3.406234
4.286614
5.099392
5.831749
6.472136
7.010453
7.438212
7.748665
7.936918
8.000000
7.936918
7.748665
7.438212
7.010453
6.472136
5.831749
5.099392
4.286614
3.406234
2.472136
1.499051
0.502324
-0.502324
-1.499051
-2.472136
-3.406234
-4.286614
-5.099392
-5.831749
-6.472136
-7.010453
-7.438212
-7.748665
-7.936918
-8.000000
-7.936918
-7.748665
-7.438212
-7.010453
-6.472136
-5.831749
-5.099392
-4.286614
-3.406234
-2.472136
-1.499051
-0.502324
0.502324
1.499051
2.472136
3.406234
4.286614
5.099392
5.831749
6.472136
7.010453
7.438212
7.748665
7.936918
8.000000
7.936918
7.748665
7.438212
7.010453
6.472136
5.831749
5.099392
4.286614
3.406234
2.472136
1.499051
0.502324
-0.502324
-1.499051
-2.472136
-3.406234
-4.286614
-5.099392
-5.831749
-6.472136
-7.010453
-7.438212
-7.748665
-7.936918
-8.000000
-7.936918
-7.748665
-7.438212
-7.010453
-6.472136
-5.831749
-5.099392
-4.286614
-3.406234
-2.472136
-1.499051
-0.502324
0.502324
1.499051
2.472136
3.406234
4.286614
5.099392
5.831749
6.472136
7.010453
7.438212
7.748665
7.936918
8.000000
7.936918
7.748665
7.438212
7.010453
6.472136
5.831749
5.099392
4.286614
3.406234
2.472136
1.499051
0.502324
-0.502324
-1.499051
-2.472136
-3.406234
-4.286614
-5.099392
-5.831749
-6.472136
-7.010453
-7.438212
-7.748665
-7.936918
-8.000000
-7.936918
-7.748665
-7.438212
-7.010453
-6.472136
-5.831749
-5.099392
-4.286614
-3.406234
-2.472136
-1.499051
-0.502324
0.502324
1.499051
2.472136
3.406234
4.286614
5.099392
5.831749
6.472136
7.010453
7.438212
7.748665
7.936918
8.000000
7.936918
7.748665
7.438212
7.010453
6.472136
5.831749
5.099392
4.286614
3.406234
2.472136
1.499051
0.502324
-0.502324
-1.499051
-2.472136
-3.406234
-4.286614
-5.099392
-5.831749
-6.472136
-7.010453
-7.438212
-7.748665
-7.936918
-8.000000
-7.936918
-7.748665
-7.438212
-7.010453
-6.472136
-5.831749
-5.099392
-4.286614
-3.406234
-2.472136
-1.499051
-0.502324
0.502324
1.499051
2.472136
3.406234
4.286614
5.099392
5.831749
6.472136
7.010453
7.438212
7.748665
7.936918
8.000000
7.936918
7.748665
7.438212
7.010453
6.472136
5.831749
5.099392
4.286614
3.406234
2.472136
1.499051
0.502324
-0.502324
-1.499051
-2.472136
-3.406234
-4.286614
-5.099392
-5.831749
-6.472136
-7.010453
-7.438212
-7.748665
-7.936918
-8.000000
-7.936918
-7.748665
-7.438212
-7.010453
-6.472136
-5.831749
-5.099392
-4.286614
-3.406234
-2.472136
-1.499051
-0.502324
0.502324
1.499051
2.472136
3.406234
4.286614
5.099392
5.831749
6.472136
7.010453
7.438212
7.748665
7.936918
8.000000
7.936918
7.748665
7.438212
7.010453
6.472136
5.831749
5.099392
4.286614
3.406234
2.472136
1.499051
0.502324
-0.502324
-1.499051
-2.472136
-3.406234
-4.286614
-5.099392
-5.831749
-6.472136
-7.010453
-7.438212
-7.748665
-7.936918
-8.000000
-7.936918
-7.748665
-7.438212
-7.010453
-6.472136
-5.831749
-5.099392
-4.286614
-3.406234
-2.472136
-1.499051
-0.502324
0.502324
1.499051
2.472136
3.406234
4.286614
5.099392
5.831749
6.472136
7.010453
7.438212
7.748665
7.936918
8.000000
7.936918
7.748665
7.438212
7.010453
6.472136
5.831749
5.099392
4.286614
3.406234
2.472136
1.499051
0.502324
-0.502324
-1.499051
-2.472136
-3.406234
-4.286614
-5.099392
-5.831749
-6.472136
-7.010453
-7.438212
-7.748665
-7.936918
-8.000000
-7.936918
-7.748665
-7.438212
-7.010453
-6.472136
-5.831749
-5.099392
-4.286614
-3.406234
-2.472136
-1.499051
-0.502324
0.502324
1.499051
2.472136
3.406234
4.286614
5.099392
5.831749
6.472136
7.010453
7.438212
7.748665
7.936918
8.000000
7.936918
7.748665
7.438212
7.010453
6.472136
5.831749
5.099392
4.286614
3.406234
2.472136
1.499051
0.502324
-0.502324
-1.499051
-2.472136
-3.406234
-4.286614
-5.099392
-5.831749
-6.472136
-7.010453
-7.438212
-7.748665
-7.936918
-8.000000
-7.936918
-7.748665
-7.438212
-7.010453
-6.472136
-5.831749
-5.099392
-4.286614
-3.406234
-2.472136
-1.499051
-0.502324
0.502324
1.499051
2.472136
3.406234
4.286614
5.099392
5.831749
6.472136
7.010453
7.438212
7.748665
7.936918
8.000000
7.936918
7.748665
7.438212
7.010453
6.472136
5.831749
5.099392
4.286614
3.406234
2.472136
1.499051
0.502324
-0.502324
-1.499051
-2.472136
-3.406234
-4.286614
-5.099392
-5.831749
-6.472136
-7.010453
-7.438212
-7.748665
-7.936918
-8.000000
-7.936918
-7.748665
-7.438212
-7.010453
-6.472136
-5.831749
-5.099392
-4.286614
-3.406234
-2.472136
-1.499051
-0.502324
0.502324
1.499051
2.472136
3.406234
4.286614
5.099392
5.831749
6.472136
7.010453
7.438212
7.748665
7.936918
8.000000
7.936918
7.748665
7.438212
7.010453
6.472136
5.831749
5.099392
4.286614
3.406234
2.472136
1.499051
0.502324
-0.502324
-1.499051
-2.472136
-3.406234
-4.286614
-5.099392
-5.831749
-6.472136
-7.010453
-7.438212
-7.748665
-7.936918
-8.000000
-7.936918
-7.748665
-7.438212
-7.010453
-6.472136
-5.831749
-5.099392
-4.286614
-3.406234
-2.472136
-1.499051
-0.502324
0.502324
1.499051
2.472136
3.406234
4.286614
5.099392
5.831749
6.472136
7.010453
7.438212
7.748665
7.936918
8.000000
7.936918
7.748665
7.438212
7.010453
6.472136
5.831749
5.099392
4.286614
3.406234
2.472136
1.499051
0.502324
-0.502324
-1.499051
-2.472136
-3.406234
-4.286614
-5.099392
-5.831749
-6.472136
-7.010453
-7.438212
-7.748665
-7.936918
-8.000000
-7.936918
-7.748665
-7.438212
-7.010453
-6.472136
-5.831749
-5.099392
-4.286614
-3.406234
-2.472136
-1.499051
-0.502324
0.502324
1.499051
2.472136
3.406234
4.286614
5.099392
5.831749
6.472136
7.010453
7.438212
7.748665
7.936918
8.000000
7.936918
7.748665
7.438212
7.010453
6.472136
5.831749
5.099392
4.286614
3.406234
2.472136
1.499051
0.502324
-0.502324
-1.499051
-2.472136
-3.406234
-4.286614
-5.099392
-5.831749
-6.472136
-7.010453
-7.438212
-7.748665
-7.936918
-8.000000
-7.936918
-7.748665
-7.438212
-7.010453
-6.472136
-5.831749
-5.099392
-4.286614
-3.406234
-2.472136
-1.499051
-0.502324
0.502324
1.499051
2.472136
3.406234
4.286614
5.099392
5.831749
6.472136
7.010453
7.438212
7.748665
7.936918
8.000000
7.936918
7.748665
7.438212
7.010453
6.472136
5.831749
5.099392
4.286614
3.406234
2.472136
1.499051
0.502324
-0.502324
-1.499051
-2.472136
-3.406234
-4.286614
-5.099392
-5.831749
-6.472136
-7.010453
-7.438212
-7.748665
-7.936918
-8.000000
-7.936918
-7.748665
-7.438212
-7.010453
-6.472136
-5.831749
-5.099392
-4.286614
-3.406234
-2.472136
-1.499051
-0.502324
0.502324
1.499051
2.472136
3.406234
4.286614
5.099392
5.831749
6.472136
7.010453
7.438212
7.748665
7.936918
8.000000
7.936918
7.748665
7.438212
7.010453
6.472136
5.831749
5.099392
4.286614
3.406234
2.472136
1.499051
0.502324
-0.502324
-1.499051
-2.472136
-3.406234
-4.286614
-5.099392
-5.831749
-6.472136
-7.010453
-7.438212
-7.748665
-7.936918
-8.000000
-7.936918
-7.748665
-7.438212
-7.010453
-6.472136
-5.831749
-5.099392
-4.286614
-3.406234
-2.472136
-1.499051
-0.502324
0.502324
1.499051
2.472136
3.406234
4.286614
5.099392
5.831749
6.472136
7.010453
7.438212
7.748665
7.936918
8.000000
7.936918
7.748665
7.438212
7.010453
6.472136
5.831749
5.099392
4.286614
3.406234
2.472136
1.499051
0.502324
-0.502324
-1.499051
-2.472136
-3.406234
-4.286614
-5.099392
-5.831749
-6.472136
-7.010453
-7.438212
-7.748665
-7.936918
-8.000000
-7.936918
-7.748665
-7.438212
-7.010453
-6.472136
-5.831749
-5.099392
-4.286614
-3.406234
-2.472136
-1.499051
-0.502324
0.502324
1.499051
2.472136
3.406234
4.286614
5.099392
5.831749
6.472136
7.010453
7.438212
7.748665
7.936918
8.000000
7.936918
7.748665
7.438212
7.010453
6.472136
5.831749
5.099392
4.286614
3.406234
2.472136
1.499051
0.502324
-0.502324
-1.499051
-2.472136
-3.406234
-4.286614
-5.099392
-5.831749
-6.472136
-7.010453
-7.438212
-7.748665
-7.936918
-8.000000
-7.936918
-7.748665
-7.438212
-7.010453
-6.472136
-5.831749
-5.099392
-4.286614
-3.406234
-2.472136
-1.499051
-0.502324
0.502324
1.499051
2.472136
3.406234
4.286614
5.099392
5.831749
6.472136
7.010453
7.438212
7.748665
7.936918
8.000000
7.936918
7.748665
7.438212
7.010453
6.472136
5.831749
5.099392
4.286614
3.406234
2.472136
1.499051
0.502324
-0.502324
-1.499051
-2.472136
-3.406234
-4.286614
-5.099392
-5.831749
-6.472136
-7.010453
-7.438212
-7.748665
-7.936918
-8.000000
-7.936918
-7.748665
-7.438212
-7.010453
-6.472136
-5.831749
-5.099392
-4.286614
-3.406234
-2.472136
-1.499051
-0.502324
0.502324
1.499051
2.472136
3.406234
4.286614
5.099392
5.831749
6.472136
7.010453
7.438212
7.748665
7.936918
8.000000
7.936918
7.748665
7.438212
7.010453
6.472136
5.831749
5.099392
4.286614
3.406234
2.472136
1.499051
0.502324
-0.502324
-1.499051
-2.472136
-3.406234
-4.286614
-5.099392
-5.831749
-6.472136
-7.010453
-7.438212
-7.748665
-7.936918
-8.000000
-7.936918
-7.748665
-7.438212
-7.010453
-6.472136
-5.831749
-5.099392
-4.286614
-3.406234
-2.472136
-1.499051
-0.502324
0.502324
1.499051
2.472136
3.406234
4.286614
5.099392
5.831749
6.472136
7.010453
7.438212
7.748665
7.936918
8.000000
7.936918
7.748665
7.438212
7.010453
6.472136
5.831749
5.099392
4.286614
3.406234
2.472136
1.499051
0.502324
-0.502324
-1.499051
-2.472136
-3.406234
-4.286614
-5.099392
-5.831749
-6.472136
-7.010453
-7.438212
-7.748665
-7.936918
-8.000000
-7.936918
-7.748665
-7.438212
-7.010453
-6.472136
-5.831749
-5.099392
-4.286614
-3.406234
-2.472136
-1.499051
-0.502324
0.502324
1.499051
2.472136
3.406234
4.286614
5.099392
5.831749
6.472136
7.010453
7.438212
7.748665
7.936918
8.000000
7.936918
7.748665
7.438212
7.010453
6.472136
5.831749
5.099392
4.286614
3.406234
2.472136
1.499051
0.502324
-0.502324
-1.499051
-2.472136
-3.406234
-4.286614
-5.099392
-5.831749
-6.472136
-7.010453
-7.438212
-7.748665
-7.936918
