-0.000000
-0.050133
-0.099476
-0.147250
-0.192701
-0.235114
-0.273819
-0.308205
-0.337731
-0.361931
-0.380423
-0.392915
-0.399211
-0.399211
-0.392915
-0.380423
-0.361931
-0.337731
-0.308205
-0.273819
-0.235114
-0.192701
-0.147250
-0.099476
-0.050133
-0.000000
0.050133
0.099476
0.147250
0.192701
0.235114
0.273819
0.308205
0.337731
0.361931
0.380423
0.392915
0.399211
0.399211
0.392915
0.380423
0.361931
0.337731
0.308205
0.273819
0.235114
0.192701
0.147250
0.099476
0.050133
0.000000
-0.050133
-0.099476
-0.147250
-0.192701
-0.235114
-0.273819
-0.308205
-0.337731
-0.361931
-0.380423
-0.392915
-0.399211
-0.399211
-0.392915
-0.380423
-0.361931
-0.337731
-0.308205
-0.273819
-0.235114
-0.192701
-0.147250
-0.099476
-0.050133
-0.000000
0.050133
0.099476
0.147250
0.192701
0.235114
0.273819
0.308205
0.337731
0.361931
0.380423
0.392915
0.399211
0.399211
0.392915
0.380423
0.361931
0.337731
0.308205
0.273819
0.235114
0.192701
0.147250
0.099476
0.050133
0.000000
-0.050133
-0.099476
-0.147250
-0.192701
-0.235114
-0.273819
-0.308205
-0.337731
-0.361931
-0.380423
-0.392915
-0.399211
-0.399211
-0.392915
-0.380423
-0.361931
-0.337731
-0.308205
-0.273819
-0.235114
-0.192701
-0.147250
-0.099476
-0.050133
-0.000000
0.050133
0.099476
0.147250
0.192701
0.235114
0.273819
0.308205
0.337731
0.361931
0.380423
0.392915
0.399211
0.399211
0.392915
0.380423
0.361931
0.337731
0.308205
0.273819
0.235114
0.192701
0.147250
0.099476
0.050133
0.000000
-0.050133
-0.099476
-0.147250
-0.192701
-0.235114
-0.273819
-0.308205
-0.337731
-0.361931
-0.380423
-0.392915
-0.399211
-0.399211
-0.392915
-0.380423
-0.361931
-0.337731
-0.308205
-0.273819
-0.235114
-0.192701
-0.147250
-0.099476
-0.050133
-0.000000
0.050133
0.099476
0.147250
0.192701
0.235114
0.273819
0.308205
0.337731
0.361931
0.380423
0.392915
0.399211
0.399211
0.392915
0.380423
0.361931
0.337731
0.308205
0.273819
0.235114
0.192701
0.147250
0.099476
0.050133
0.000000
-0.050133
-0.099476
-0.147250
-0.192701
-0.235114
-0.273819
-0.308205
-0.337731
-0.361931
-0.380423
-0.392915
-0.399211
-0.399211
-0.392915
-0.380423
-0.361931
-0.337731
-0.308205
-0.273819
-0.235114
-0.192701
-0.147250
-0.099476
-0.050133
-0.000000
0.050133
0.099476
0.147250
0.192701
0.235114
0.273819
0.308205
0.337731
0.361931
0.380423
0.392915
0.399211
0.399211
0.392915
0.380423
0.361931
0.337731
0.308205
0.273819
0.235114
0.192701
0.147250
0.099476
0.050133
0.000000
-0.050133
-0.099476
-0.147250
-0.192701
-0.235114
-0.273819
-0.308205
-0.337731
-0.361931
-0.380423
-0.392915
-0.399211
-0.399211
-0.392915
-0.380423
-0.361931
-0.337731
-0.308205
-0.273819
-0.235114
-0.192701
-0.147250
-0.099476
-0.050133
0.000000
0.050133
0.099476
0.147250
0.192701
0.235114
0.273819
0.308205
0.337731
0.361931
0.380423
0.392915
0.399211
0.399211
0.392915
0.380423
0.361931
0.337731
0.308205
0.273819
0.235114
0.192701
0.147250
0.099476
0.050133
0.000000
-0.050133
-0.099476
-0.147250
-0.192701
-0.235114
-0.273819
-0.308205
-0.337731
-0.361931
-0.380423
-0.392915
-0.399211
-0.399211
-0.392915
-0.380423
-0.361931
-0.337731
-0.308205
-0.273819
-0.235114
-0.192701
-0.147250
-0.099476
-0.050133
0.000000
0.050133
0.099476
0.147250
0.192701
0.235114
0.273819
0.308205
0.337731
0.361931
0.380423
0.392915
0.399211
0.399211
0.392915
0.380423
0.361931
0.337731
0.308205
0.273819
0.235114
0.192701
0.147250
0.099476
0.050133
0.000000
-0.050133
-0.099476
-0.147250
-0.192701
-0.235114
-0.273819
-0.308205
-0.337731
-0.361931
-0.380423
-0.392915
-0.399211
-0.399211
-0.392915
-0.380423
-0.361931
-0.337731
-0.308205
-0.273819
-0.235114
-0.192701
-0.147250
-0.099476
-0.050133
-0.000000
0.050133
0.099476
0.147250
0.192701
0.235114
0.273819
0.308205
0.337731
0.361931
0.380423
0.392915
0.399211
0.399211
0.392915
0.380423
0.361931
0.337731
0.308205
0.273819
0.235114
0.192701
0.147250
0.099476
0.050133
0.000000
-0.050133
-0.099476
-0.147250
-0.192701
-0.235114
-0.273819
-0.308205
-0.337731
-0.361931
-0.380423
-0.392915
-0.399211
-0.399211
-0.392915
-0.380423
-0.361931
-0.337731
-0.308205
-0.273819
-0.235114
-0.192701
-0.147250
-0.099476
-0.050133
-0.000000
0.050133
0.099476
0.147250
0.192701
0.235114
0.273819
0.308205
0.337731
0.361931
0.380423
0.392915
0.399211
0.399211
0.392915
0.380423
0.361931
0.337731
0.308205
0.273819
0.235114
0.192701
0.147250
0.099476
0.050133
0.000000
-0.050133
-0.099476
-0.147250
-0.192701
-0.235114
-0.273819
-0.308205
-0.337731
-0.361931
-0.380423
-0.392915
-0.399211
-0.399211
-0.392915
-0.380423
-0.361931
-0.337731
-0.308205
-0.273819
-0.235114
-0.192701
-0.147250
-0.099476
-0.050133
-0.000000
0.050133
0.099476
0.147250
0.192701
0.235114
0.273819
0.308205
0.337731
0.361931
0.380423
0.392915
0.399211
0.399211
0.392915
0.380423
0.361931
0.337731
0.308205
0.273819
0.235114
0.192701
0.147250
0.099476
0.050133
0.000000
-0.050133
-0.099476
-0.147250
-0.192701
-0.235114
-0.273819
-0.308205
-0.337731
-0.361931
-0.380423
-0.392915
-0.399211
-0.399211
-0.392915
-0.380423
-0.361931
-0.337731
-0.308205
-0.273819
-0.235114
-0.192701
-0.147250
-0.099476
-0.050133
0.000000
0.050133
0.099476
0.147250
0.192701
0.235114
0.273819
0.308205
0.337731
0.361931
0.380423
0.392915
0.399211
0.399211
0.392915
0.380423
0.361931
0.337731
0.308205
0.273819
0.235114
0.192701
0.147250
0.099476
0.050133
-0.000000
-0.050133
-0.099476
-0.147250
-0.192701
-0.235114
-0.273819
-0.308205
-0.337731
-0.361931
-0.380423
-0.392915
-0.399211
-0.399211
-0.392915
-0.380423
-0.361931
-0.337731
-0.308205
-0.273819
-0.235114
-0.192701
-0.147250
-0.099476
-0.050133
-0.000000
0.050133
0.099476
0.147250
0.192701
0.235114
0.273819
0.308205
0.337731
0.361931
0.380423
0.392915
0.399211
0.399211
0.392915
0.380423
0.361931
0.337731
0.308205
0.273819
0.235114
0.192701
0.147250
0.099476
0.050133
0.000000
-0.050133
-0.099476
-0.147250
-0.192701
-0.235114
-0.273819
-0.308205
-0.337731
-0.361931
-0.380423
-0.392915
-0.399211
-0.399211
-0.392915
-0.380423
-0.361931
-0.337731
-0.308205
-0.273819
-0.235114
-0.192701
-0.147250
-0.099476
-0.050133
0.000000
0.050133
0.099476
0.147250
0.192701
0.235114
0.273819
0.308205
0.337731
0.361931
0.380423
0.392915
0.399211
0.399211
0.392915
0.380423
0.361931
0.337731
0.308205
0.273819
0.235114
0.192701
0.147250
0.099476
0.050133
-0.000000
-0.050133
-0.099476
-0.147250
-0.192701
-0.235114
-0.273819
-0.308205
-0.337731
-0.361931
-0.380423
-0.392915
-0.399211
-0.399211
-0.392915
-0.380423
-0.361931
-0.337731
-0.308205
-0.273819
-0.235114
-0.192701
-0.147250
-0.099476
-0.050133
0.000000
0.050133
0.099476
0.147250
0.192701
0.235114
0.273819
0.308205
0.337731
0.361931
0.380423
0.392915
0.399211
0.399211
0.392915
0.380423
0.361931
0.337731
0.308205
0.273819
0.235114
0.192701
0.147250
0.099476
0.050133
0.000000
-0.050133
-0.099476
-0.147250
-0.192701
-0.235114
-0.273819
-0.308205
-0.337731
-0.361931
-0.380423
-0.392915
-0.399211
-0.399211
-0.392915
-0.380423
-0.361931
-0.337731
-0.308205
-0.273819
-0.235114
-0.192701
-0.147250
-0.099476
-0.050133
0.000000
0.050133
0.099476
0.147250
0.192701
0.235114
0.273819
0.308205
0.337731
0.361931
0.380423
0.392915
0.399211
0.399211
0.392915
0.380423
0.361931
0.337731
0.308205
0.273819
0.235114
0.192701
0.147250
0.099476
0.050133
0.000000
-0.050133
-0.099476
-0.147250
-0.192701
-0.235114
-0.273819
-0.308205
-0.337731
-0.361931
-0.380423
-0.392915
-0.399211
-0.399211
-0.392915
-0.380423
-0.361931
-0.337731
-0.308205
-0.273819
-0.235114
-0.192701
-0.147250
-0.099476
-0.050133
-0.000000
0.050133
0.099476
0.147250
0.192701
0.235114
0.273819
0.308205
0.337731
0.361931
0.380423
0.392915
0.399211
0.399211
0.392915
0.380423
0.361931
0.337731
0.308205
0.273819
0.235114
0.192701
0.147250
0.099476
0.050133
0.000000
-0.050133
-0.099476
-0.147250
-0.192701
-0.235114
-0.273819
-0.308205
-0.337731
-0.361931
-0.380423
-0.392915
-0.399211
-0.399211
-0.392915
-0.380423
-0.361931
-0.337731
-0.308205
-0.273819
-0.235114
-0.192701
-0.147250
-0.099476
-0.050133
-0.000000
0.050133
0.099476
0.147250
0.192701
0.235114
0.273819
0.308205
0.337731
0.361931
0.380423
0.392915
0.399211
0.399211
0.392915
0.380423
0.361931
0.337731
0.308205
0.273819
0.235114
0.192701
0.147250
0.099476
0.050133
0.000000
-0.050133
-0.099476
-0.147250
-0.192701
-0.235114
-0.273819
-0.308205
-0.337731
-0.361931
-0.380423
-0.392915
-0.399211
-0.399211
-0.392915
-0.380423
-0.361931
-0.337731
-0.308205
-0.273819
-0.235114
-0.192701
-0.147250
-0.099476
-0.050133
-0.000000
0.050133
0.099476
0.147250
0.192701
0.235114
0.273819
0.308205
0.337731
0.361931
0.380423
0.392915
0.399211
0.399211
0.392915
0.380423
0.361931
0.337731
0.308205
0.273819
0.235114
0.192701
0.147250
0.099476
0.050133
0.000000
-0.050133
-0.099476
-0.147250
-0.192701
-0.235114
-0.273819
-0.308205
-0.337731
-0.361931
-0.380423
-0.392915
-0.399211
-0.399211
-0.392915
-0.380423
-0.361931
-0.337731
-0.308205
-0.273819
-0.235114
-0.192701
-0.147250
-0.099476
-0.050133
-0.000000
0.050133
0.099476
0.147250
0.192701
0.235114
0.273819
0.308205
0.337731
0.361931
0.380423
0.392915
0.399211
0.399211
0.392915
0.380423
0.361931
0.337731
0.308205
0.273819
0.235114
0.192701
0.147250
0.099476
0.050133
0.000000
-0.050133
-0.099476
-0.147250
-0.192701
-0.235114
-0.273819
-0.308205
-0.337731
-0.361931
-0.380423
-0.392915
-0.399211
-0.399211
-0.392915
-0.380423
-0.361931
-0.337731
-0.308205
-0.273819
-0.235114
-0.192701
-0.147250
-0.099476
-0.050133
-0.000000
0.050133
0.099476
0.147250
0.192701
0.235114
0.273819
0.308205
0.337731
0.361931
0.380423
0.392915
0.399211
0.399211
0.392915
0.380423
0.361931
0.337731
0.308205
0.273819
0.235114
0.192701
0.147250
0.099476
0.050133
