0.000000
0.097727
0.195358
0.292796
0.389946
0.486710
0.582994
0.678702
0.773741
0.868017
0.961435
1.053905
1.145335
1.235634
1.324714
1.412487
1.498866
1.583765
1.667102
1.748793
1.828759
1.906919
1.983198
2.057520
2.129811
2.200000
2.268018
2.333798
2.397275
2.458385
2.517070
2.573271
2.626932
2.678001
2.726427
2.772162
2.815161
2.855382
2.892786
2.927334
2.958993
2.987733
3.013524
3.036340
3.056161
3.072965
3.086737
3.097462
3.105130
3.109735
3.111270
3.109735
3.105130
3.097462
3.086737
3.072965
3.056161
3.036340
3.013524
2.987733
2.958993
2.927334
2.892786
2.855382
2.815161
2.772162
2.726427
2.678001
2.626932
2.573271
2.517070
2.458385
2.397275
2.333798
2.268018
2.200000
2.129811
2.057520
1.983198
1.906919
1.828759
1.748793
1.667102
1.583765
1.498866
1.412487
1.324714
1.235634
1.145335
1.053905
0.961435
0.868017
0.773741
0.678702
0.582994
0.486710
0.389946
0.292796
0.195358
0.097727
0.000000
-0.097727
-0.195358
-0.292796
-0.389946
-0.486710
-0.582994
-0.678702
-0.773741
-0.868017
-0.961435
-1.053905
-1.145335
-1.235634
-1.324714
-1.412487
-1.498866
-1.583765
-1.667102
-1.748793
-1.828759
-1.906919
-1.983198
-2.057520
-2.129811
-2.200000
-2.268018
-2.333798
-2.397275
-2.458385
-2.517070
-2.573271
-2.626932
-2.678001
-2.726427
-2.772162
-2.815161
-2.855382
-2.892786
-2.927334
-2.958993
-2.987733
-3.013524
-3.036340
-3.056161
-3.072965
-3.086737
-3.097462
-3.105130
-3.109735
-3.111270
-3.109735
-3.105130
-3.097462
-3.086737
-3.072965
-3.056161
-3.036340
-3.013524
-2.987733
-2.958993
-2.927334
-2.892786
-2.855382
-2.815161
-2.772162
-2.726427
-2.678001
-2.626932
-2.573271
-2.517070
-2.458385
-2.397275
-2.333798
-2.268018
-2.200000
-2.129811
-2.057520
-1.983198
-1.906919
-1.828759
-1.748793
-1.667102
-1.583765
-1.498866
-1.412487
-1.324714
-1.235634
-1.145335
-1.053905
-0.961435
-0.868017
-0.773741
-0.678702
-0.582994
-0.486710
-0.389946
-0.292796
-0.195358
-0.097727
-0.000000
0.097727
0.195358
0.292796
0.389946
0.486710
0.582994
0.678702
0.773741
0.868017
0.961435
1.053905
1.145335
1.235634
1.324714
1.412487
1.498866
1.583765
1.667102
1.748793
1.828759
1.906919
1.983198
2.057520
2.129811
2.200000
2.268018
2.333798
2.397275
2.458385
2.517070
2.573271
2.626932
2.678001
2.726427
2.772162
2.815161
2.855382
2.892786
2.927334
2.958993
2.987733
3.013524
3.036340
3.056161
3.072965
3.086737
3.097462
3.105130
3.109735
3.111270
3.109735
3.105130
3.097462
3.086737
3.072965
3.056161
3.036340
3.013524
2.987733
2.958993
2.927334
2.892786
2.855382
2.815161
2.772162
2.726427
2.678001
2.626932
2.573271
2.517070
2.458385
2.397275
2.333798
2.268018
2.200000
2.129811
2.057520
1.983198
1.906919
1.828759
1.748793
1.667102
1.583765
1.498866
1.412487
1.324714
1.235634
1.145335
1.053905
0.961435
0.868017
0.773741
0.678702
0.582994
0.486710
0.389946
0.292796
0.195358
0.097727
0.000000
-0.097727
-0.195358
-0.292796
-0.389946
-0.486710
-0.582994
-0.678702
-0.773741
-0.868017
-0.961435
-1.053905
-1.145335
-1.235634
-1.324714
-1.412487
-1.498866
-1.583765
-1.667102
-1.748793
-1.828759
-1.906919
-1.983198
-2.057520
-2.129811
-2.200000
-2.268018
-2.333798
-2.397275
-2.458385
-2.517070
-2.573271
-2.626932
-2.678001
-2.726427
-2.772162
-2.815161
-2.855382
-2.892786
-2.927334
-2.958993
-2.987733
-3.013524
-3.036340
-3.056161
-3.072965
-3.086737
-3.097462
-3.105130
-3.109735
-3.111270
-3.109735
-3.105130
-3.097462
-3.086737
-3.072965
-3.056161
-3.036340
-3.013524
-2.987733
-2.958993
-2.927334
-2.892786
-2.855382
-2.815161
-2.772162
-2.726427
-2.678001
-2.626932
-2.573271
-2.517070
-2.458385
-2.397275
-2.333798
-2.268018
-2.200000
-2.129811
-2.057520
-1.983198
-1.906919
-1.828759
-1.748793
-1.667102
-1.583765
-1.498866
-1.412487
-1.324714
-1.235634
-1.145335
-1.053905
-0.961435
-0.868017
-0.773741
-0.678702
-0.582994
-0.486710
-0.389946
-0.292796
-0.195358
-0.097727
0.000000
0.097727
0.195358
0.292796
0.389946
0.486710
0.582994
0.678702
0.773741
0.868017
0.961435
1.053905
1.145335
1.235634
1.324714
1.412487
1.498866
1.583765
1.667102
1.748793
1.828759
1.906919
1.983198
2.057520
2.129811
2.200000
2.268018
2.333798
2.397275
2.458385
2.517070
2.573271
2.626932
2.678001
2.726427
2.772162
2.815161
2.855382
2.892786
2.927334
2.958993
2.987733
3.013524
3.036340
3.056161
3.072965
3.086737
3.097462
3.105130
3.109735
3.111270
3.109735
3.105130
3.097462
3.086737
3.072965
3.056161
3.036340
3.013524
2.987733
2.958993
2.927334
2.892786
2.855382
2.815161
2.772162
2.726427
2.678001
2.626932
2.573271
2.517070
2.458385
2.397275
2.333798
2.268018
2.200000
2.129811
2.057520
1.983198
1.906919
1.828759
1.748793
1.667102
1.583765
1.498866
1.412487
1.324714
1.235634
1.145335
1.053905
0.961435
0.868017
0.773741
0.678702
0.582994
0.486710
0.389946
0.292796
0.195358
0.097727
-0.000000
-0.097727
-0.195358
-0.292796
-0.389946
-0.486710
-0.582994
-0.678702
-0.773741
-0.868017
-0.961435
-1.053905
-1.145335
-1.235634
-1.324714
-1.412487
-1.498866
-1.583765
-1.667102
-1.748793
-1.828759
-1.906919
-1.983198
-2.057520
-2.129811
-2.200000
-2.268018
-2.333798
-2.397275
-2.458385
-2.517070
-2.573271
-2.626932
-2.678001
-2.726427
-2.772162
-2.815161
-2.855382
-2.892786
-2.927334
-2.958993
-2.987733
-3.013524
-3.036340
-3.056161
-3.072965
-3.086737
-3.097462
-3.105130
-3.109735
-3.111270
-3.109735
-3.105130
-3.097462
-3.086737
-3.072965
-3.056161
-3.036340
-3.013524
-2.987733
-2.958993
-2.927334
-2.892786
-2.855382
-2.815161
-2.772162
-2.726427
-2.678001
-2.626932
-2.573271
-2.517070
-2.458385
-2.397275
-2.333798
-2.268018
-2.200000
-2.129811
-2.057520
-1.983198
-1.906919
-1.828759
-1.748793
-1.667102
-1.583765
-1.498866
-1.412487
-1.324714
-1.235634
-1.145335
-1.053905
-0.961435
-0.868017
-0.773741
-0.678702
-0.582994
-0.486710
-0.389946
-0.292796
-0.195358
-0.097727
0.000000
0.097727
0.195358
0.292796
0.389946
0.486710
0.582994
0.678702
0.773741
0.868017
0.961435
1.053905
1.145335
1.235634
1.324714
1.412487
1.498866
1.583765
1.667102
1.748793
1.828759
1.906919
1.983198
2.057520
2.129811
2.200000
2.268018
2.333798
2.397275
2.458385
2.517070
2.573271
2.626932
2.678001
2.726427
2.772162
2.815161
2.855382
2.892786
2.927334
2.958993
2.987733
3.013524
3.036340
3.056161
3.072965
3.086737
3.097462
3.105130
3.109735
3.111270
3.109735
3.105130
3.097462
3.086737
3.072965
3.056161
3.036340
3.013524
2.987733
2.958993
2.927334
2.892786
2.855382
2.815161
2.772162
2.726427
2.678001
2.626932
2.573271
2.517070
2.458385
2.397275
2.333798
2.268018
2.200000
2.129811
2.057520
1.983198
1.906919
1.828759
1.748793
1.667102
1.583765
1.498866
1.412487
1.324714
1.235634
1.145335
1.053905
0.961435
0.868017
0.773741
0.678702
0.582994
0.486710
0.389946
0.292796
0.195358
0.097727
-0.000000
-0.097727
-0.195358
-0.292796
-0.389946
-0.486710
-0.582994
-0.678702
-0.773741
-0.868017
-0.961435
-1.053905
-1.145335
-1.235634
-1.324714
-1.412487
-1.498866
-1.583765
-1.667102
-1.748793
-1.828759
-1.906919
-1.983198
-2.057520
-2.129811
-2.200000
-2.268018
-2.333798
-2.397275
-2.458385
-2.517070
-2.573271
-2.626932
-2.678001
-2.726427
-2.772162
-2.815161
-2.855382
-2.892786
-2.927334
-2.958993
-2.987733
-3.013524
-3.036340
-3.056161
-3.072965
-3.086737
-3.097462
-3.105130
-3.109735
-3.111270
-3.109735
-3.105130
-3.097462
-3.086737
-3.072965
-3.056161
-3.036340
-3.013524
-2.987733
-2.958993
-2.927334
-2.892786
-2.855382
-2.815161
-2.772162
-2.726427
-2.678001
-2.626932
-2.573271
-2.517070
-2.458385
-2.397275
-2.333798
-2.268018
-2.200000
-2.129811
-2.057520
-1.983198
-1.906919
-1.828759
-1.748793
-1.667102
-1.583765
-1.498866
-1.412487
-1.324714
-1.235634
-1.145335
-1.053905
-0.961435
-0.868017
-0.773741
-0.678702
-0.582994
-0.486710
-0.389946
-0.292796
-0.195358
-0.097727
0.000000
0.097727
0.195358
0.292796
0.389946
0.486710
0.582994
0.678702
0.773741
0.868017
0.961435
1.053905
1.145335
1.235634
1.324714
1.412487
1.498866
1.583765
1.667102
1.748793
1.828759
1.906919
1.983198
2.057520
2.129811
2.200000
2.268018
2.333798
2.397275
2.458385
2.517070
2.573271
2.626932
2.678001
2.726427
2.772162
2.815161
2.855382
2.892786
2.927334
2.958993
2.987733
3.013524
3.036340
3.056161
3.072965
3.086737
3.097462
3.105130
3.109735
3.111270
3.109735
3.105130
3.097462
3.086737
3.072965
3.056161
3.036340
3.013524
2.987733
2.958993
2.927334
2.892786
2.855382
2.815161
2.772162
2.726427
2.678001
2.626932
2.573271
2.517070
2.458385
2.397275
2.333798
2.268018
2.200000
2.129811
2.057520
1.983198
1.906919
1.828759
1.748793
1.667102
1.583765
1.498866
1.412487
1.324714
1.235634
1.145335
1.053905
0.961435
0.868017
0.773741
0.678702
0.582994
0.486710
0.389946
0.292796
0.195358
0.097727
-0.000000
-0.097727
-0.195358
-0.292796
-0.389946
-0.486710
-0.582994
-0.678702
-0.773741
-0.868017
-0.961435
-1.053905
-1.145335
-1.235634
-1.324714
-1.412487
-1.498866
-1.583765
-1.667102
-1.748793
-1.828759
-1.906919
-1.983198
-2.057520
-2.129811
-2.200000
-2.268018
-2.333798
-2.397275
-2.458385
-2.517070
-2.573271
-2.626932
-2.678001
-2.726427
-2.772162
-2.815161
-2.855382
-2.892786
-2.927334
-2.958993
-2.987733
-3.013524
-3.036340
-3.056161
-3.072965
-3.086737
-3.097462
-3.105130
-3.109735
-3.111270
-3.109735
-3.105130
-3.097462
-3.086737
-3.072965
-3.056161
-3.036340
-3.013524
-2.987733
-2.958993
-2.927334
-2.892786
-2.855382
-2.815161
-2.772162
-2.726427
-2.678001
-2.626932
-2.573271
-2.517070
-2.458385
-2.397275
-2.333798
-2.268018
-2.200000
-2.129811
-2.057520
-1.983198
-1.906919
-1.828759
-1.748793
-1.667102
-1.583765
-1.498866
-1.412487
-1.324714
-1.235634
-1.145335
-1.053905
-0.961435
-0.868017
-0.773741
-0.678702
-0.582994
-0.486710
-0.389946
-0.292796
-0.195358
-0.097727
