Time(s)	Current(A)	Power(W)
0.000000   -0.000000   0.000000
0.000003   -11.651398   135.755077
0.000006   -22.582833   509.984345
0.000009   -32.798013   1075.709664
0.000012   -42.302938   1789.538532
0.000015   -51.105742   2611.796845
0.000018   -59.216544   3506.599093
0.000021   -66.647295   4441.861945
0.000024   -73.411629   5389.267277
0.000027   -79.524718   6324.180723
0.000030   -85.003128   7225.531744
0.000033   -89.864682   8075.661061
0.000036   -94.128322   8860.141090
0.000039   -97.813980   9567.574761
0.000042   -100.942448   10189.377770
0.000045   -103.535255   10719.549015
0.000048   -105.614552   11154.433541
0.000051   -107.202994   11492.481993
0.000054   -108.323636   11734.010129
0.000057   -108.999824   11880.961586
0.000060   -109.255099   11936.676658
0.000063   -109.113104   11905.669484
0.000066   -108.597494   11793.415641
0.000069   -107.731851   11606.151783
0.000072   -106.539611   11350.688633
0.000075   -105.043983   11034.238282
0.000078   -103.267887   10664.256473
0.000081   -101.233889   10248.300269
0.000084   -98.964141   9793.901240
0.000087   -96.480330   9308.454088
0.000090   -93.803627   8799.120442
0.000093   -90.954645   8272.747357
0.000096   -87.953396   7735.799936
0.000099   -84.819263   7194.307346
0.000102   -81.570959   6653.821408
0.000105   -78.226510   6119.386885
0.000108   -74.803225   5595.522491
0.000111   -71.317681   5086.211667
0.000114   -67.785707   4594.902089
0.000117   -64.222371   4124.512923
0.000120   -60.641972   3677.448811
0.000123   -57.058037   3255.619632
0.000126   -53.483316   2860.465073
0.000129   -49.929782   2492.983132
0.000132   -46.408638   2153.761692
0.000135   -42.930320   1843.012373
0.000138   -39.504505   1560.605931
0.000141   -36.140124   1306.108528
0.000144   -32.845369   1078.818271
0.000147   -29.627715   877.801482
0.000150   -26.493928   701.928216
0.000153   -23.450088   549.906621
0.000156   -20.501605   420.315801
0.000159   -17.653240   311.636876
0.000162   -14.909126   222.282037
0.000165   -12.272791   150.621389
0.000168   -9.747178   95.007481
0.000171   -7.334674   53.797441
0.000174   -5.037128   25.372662
0.000177   -2.855881   8.156059
0.000180   -0.791788   0.626929
0.000183   1.154756   1.333461
0.000186   2.983790   8.903003
0.000189   4.695763   22.050193
0.000192   6.291507   39.583061
0.000195   7.772212   60.407272
0.000198   9.139400   83.528638
0.000201   10.394905   108.054054
0.000204   11.540842   133.191042
0.000207   12.579588   158.246030
0.000210   13.513755   182.621563
0.000213   14.346169   205.812569
0.000216   15.079849   227.401857
0.000219   15.717983   247.054986
0.000222   16.263906   264.514632
0.000225   16.721083   279.594603
0.000228   17.093086   292.173600
0.000231   17.383580   302.188850
0.000234   17.596298   309.629704
0.000237   17.735030   314.531283
0.000240   17.803603   316.968266
0.000243   17.805866   317.048866
0.000246   17.745678   314.909072
0.000249   17.626888   310.707189
0.000252   17.453330   304.618720
0.000255   17.228802   296.831627
0.000258   16.957063   287.541972
0.000261   16.641814   276.949973
0.000264   16.286696   265.256467
0.000267   15.895276   252.659787
0.000270   15.471039   239.353045
0.000273   15.017384   225.521812
0.000276   14.537612   211.342176
0.000279   14.034927   196.979173
0.000282   13.512422   182.585551
0.000285   12.973082   168.300858
0.000288   12.419776   154.250832
0.000291   11.855254   140.547050
0.000294   11.282146   127.286829
0.000297   10.702959   114.553337
0.000300   10.120074   102.415897
0.000303   9.535746   90.930458
0.000306   8.952105   80.140192
0.000309   8.371154   70.076221
0.000312   7.794769   60.758421
0.000315   7.224701   52.196301
0.000318   6.662577   44.389930
0.000321   6.109901   37.330895
0.000324   5.568058   31.003271
0.000327   5.038312   25.384587
0.000330   4.521812   20.446782
0.000333   4.019593   16.157130
0.000336   3.532582   12.479133
0.000339   3.061595   9.373364
0.000342   2.607348   6.798261
0.000345   2.170454   4.710868
0.000348   1.751430   3.067508
0.000351   1.350703   1.824399
0.000354   0.968607   0.938200
0.000357   0.605395   0.366503
0.000360   0.261236   0.068244
0.000363   -0.063776   0.004067
0.000366   -0.369619   0.136618
0.000369   -0.656340   0.430782
0.000372   -0.924050   0.853868
0.000375   -1.172920   1.375742
0.000378   -1.403179   1.968911
0.000381   -1.615104   2.608561
0.000384   -1.809023   3.272563
0.000387   -1.985306   3.941439
0.000390   -2.144365   4.598300
0.000393   -2.286646   5.228752
0.000396   -2.412631   5.820789
0.000399   -2.522828   6.364660
0.000402   -2.617771   6.852725
0.000405   -2.698018   7.279299
0.000408   -2.764144   7.640490
0.000411   -2.816740   7.934027
0.000414   -2.856413   8.159095
0.000417   -2.883775   8.316160
0.000420   -2.899450   8.406809
0.000423   -2.904062   8.433578
0.000426   -2.898242   8.399807
0.000429   -2.882617   8.309482
0.000432   -2.857814   8.167101
0.000435   -2.824455   7.977543
0.000438   -2.783154   7.745946
0.000441   -2.734520   7.477600
0.000444   -2.679150   7.177847
0.000447   -2.617631   6.851994
0.000450   -2.550537   6.505238
0.000453   -2.478426   6.142598
0.000456   -2.401845   5.768860
0.000459   -2.321322   5.388534
0.000462   -2.237367   5.005812
0.000465   -2.150476   4.624548
0.000468   -2.061124   4.248230
0.000471   -1.969766   3.879976
0.000474   -1.876839   3.522524
0.000477   -1.782760   3.178234
0.000480   -1.687926   2.849094
0.000483   -1.592712   2.536732
0.000486   -1.497474   2.242428
0.000489   -1.402546   1.967137
0.000492   -1.308244   1.711501
0.000495   -1.214859   1.475882
0.000498   -1.122666   1.260379
0.000502   -1.031918   1.064854
0.000505   -0.942848   0.888962
0.000508   -0.855670   0.732171
0.000511   -0.770579   0.593792
0.000514   -0.687751   0.473002
0.000517   -0.607344   0.368867
0.000520   -0.529499   0.280369
0.000523   -0.454338   0.206423
0.000526   -0.381969   0.145900
0.000529   -0.312481   0.097644
0.000532   -0.245950   0.060491
0.000535   -0.182436   0.033283
0.000538   -0.121986   0.014881
0.000541   -0.064633   0.004177
0.000544   -0.010397   0.000108
0.000547   0.040714   0.001658
0.000550   0.088703   0.007868
0.000553   0.133584   0.017845
0.000556   0.175381   0.030759
0.000559   0.214129   0.045851
0.000562   0.249868   0.062434
0.000565   0.282649   0.079890
0.000568   0.312530   0.097675
0.000571   0.339575   0.115311
0.000574   0.363856   0.132391
0.000577   0.385447   0.148570
0.000580   0.404431   0.163565
0.000583   0.420893   0.177151
0.000586   0.434922   0.189157
0.000589   0.446611   0.199461
0.000592   0.456056   0.207987
0.000595   0.463353   0.214696
0.000598   0.468604   0.219590
0.000601   0.471909   0.222698
0.000604   0.473369   0.224078
0.000607   0.473087   0.223812
0.000610   0.471166   0.221998
0.000613   0.467708   0.218751
0.000616   0.462815   0.214197
0.000619   0.456586   0.208471
0.000622   0.449123   0.201712
0.000625   0.440523   0.194061
0.000628   0.430883   0.185660
0.000631   0.420296   0.176649
0.000634   0.408856   0.167163
0.000637   0.396651   0.157332
0.000640   0.383770   0.147279
0.000643   0.370296   0.137119
0.000646   0.356312   0.126958
0.000649   0.341896   0.116893
0.000652   0.327123   0.107009
0.000655   0.312067   0.097386
0.000658   0.296796   0.088088
0.000661   0.281376   0.079173
0.000664   0.265871   0.070687
0.000667   0.250339   0.062669
0.000670   0.234836   0.055148
0.000673   0.219415   0.048143
0.000676   0.204124   0.041667
0.000679   0.189011   0.035725
0.000682   0.174117   0.030317
0.000685   0.159482   0.025435
0.000688   0.145142   0.021066
0.000691   0.131130   0.017195
0.000694   0.117476   0.013800
0.000697   0.104206   0.010859
0.000700   0.091345   0.008344
0.000703   0.078914   0.006227
0.000706   0.066932   0.004480
0.000709   0.055414   0.003071
0.000712   0.044373   0.001969
0.000715   0.033821   0.001144
0.000718   0.023765   0.000565
0.000721   0.014212   0.000202
0.000724   0.005167   0.000027
0.000727   -0.003370   0.000011
0.000730   -0.011397   0.000130
0.000733   -0.018916   0.000358
0.000736   -0.025931   0.000672
0.000739   -0.032446   0.001053
0.000742   -0.038467   0.001480
0.000745   -0.044003   0.001936
0.000748   -0.049063   0.002407
0.000751   -0.053655   0.002879
0.000754   -0.057792   0.003340
0.000757   -0.061486   0.003781
0.000760   -0.064749   0.004192
0.000763   -0.067596   0.004569
0.000766   -0.070040   0.004906
0.000769   -0.072096   0.005198
0.000772   -0.073780   0.005443
0.000775   -0.075108   0.005641
0.000778   -0.076095   0.005790
0.000781   -0.076759   0.005892
0.000784   -0.077115   0.005947
0.000787   -0.077180   0.005957
0.000790   -0.076972   0.005925
0.000793   -0.076506   0.005853
0.000796   -0.075800   0.005746
0.000799   -0.074870   0.005605
0.000802   -0.073731   0.005436
0.000805   -0.072401   0.005242
0.000808   -0.070896   0.005026
0.000811   -0.069229   0.004793
0.000814   -0.067418   0.004545
0.000817   -0.065476   0.004287
0.000820   -0.063419   0.004022
0.000823   -0.061259   0.003753
0.000826   -0.059011   0.003482
0.000829   -0.056687   0.003213
0.000832   -0.054300   0.002949
0.000835   -0.051863   0.002690
0.000838   -0.049386   0.002439
0.000841   -0.046880   0.002198
0.000844   -0.044357   0.001968
0.000847   -0.041825   0.001749
0.000850   -0.039295   0.001544
0.000853   -0.036774   0.001352
0.000856   -0.034272   0.001175
0.000859   -0.031796   0.001011
0.000862   -0.029352   0.000862
0.000865   -0.026949   0.000726
0.000868   -0.024591   0.000605
0.000871   -0.022285   0.000497
0.000874   -0.020035   0.000401
0.000877   -0.017846   0.000318
0.000880   -0.015722   0.000247
0.000883   -0.013667   0.000187
0.000886   -0.011684   0.000137
0.000889   -0.009775   0.000096
0.000892   -0.007944   0.000063
0.000895   -0.006192   0.000038
0.000898   -0.004520   0.000020
0.000901   -0.002929   0.000009
0.000904   -0.001422   0.000002
0.000907   0.000003   0.000000
0.000910   0.001345   0.000002
0.000913   0.002604   0.000007
0.000916   0.003780   0.000014
0.000919   0.004875   0.000024
0.000922   0.005889   0.000035
0.000925   0.006823   0.000047
0.000928   0.007679   0.000059
0.000931   0.008457   0.000072
0.000934   0.009161   0.000084
0.000937   0.009792   0.000096
0.000940   0.010352   0.000107
0.000943   0.010843   0.000118
0.000946   0.011267   0.000127
0.000949   0.011628   0.000135
0.000952   0.011926   0.000142
0.000955   0.012165   0.000148
0.000958   0.012348   0.000152
0.000961   0.012477   0.000156
0.000964   0.012555   0.000158
0.000967   0.012584   0.000158
0.000970   0.012568   0.000158
0.000973   0.012508   0.000156
0.000976   0.012408   0.000154
0.000979   0.012271   0.000151
0.000982   0.012099   0.000146
0.000985   0.011894   0.000141
0.000988   0.011660   0.000136
0.000991   0.011398   0.000130
0.000994   0.011112   0.000123
0.000997   0.010804   0.000117
0.001000   0.010476   0.000110
0.001003   0.010130   0.000103
0.001006   0.009769   0.000095
0.001009   0.009395   0.000088
0.001012   0.009009   0.000081
0.001015   0.008615   0.000074
0.001018   0.008214   0.000067
0.001021   0.007807   0.000061
0.001024   0.007396   0.000055
0.001027   0.006984   0.000049
0.001030   0.006571   0.000043
0.001033   0.006159   0.000038
0.001036   0.005750   0.000033
0.001039   0.005344   0.000029
0.001042   0.004944   0.000024
0.001045   0.004549   0.000021
0.001048   0.004162   0.000017
0.001051   0.003782   0.000014
0.001054   0.003412   0.000012
0.001057   0.003051   0.000009
0.001060   0.002700   0.000007
0.001063   0.002361   0.000006
0.001066   0.002033   0.000004
0.001069   0.001717   0.000003
0.001072   0.001413   0.000002
0.001075   0.001122   0.000001
0.001078   0.000844   0.000001
0.001081   0.000580   0.000000
0.001084   0.000328   0.000000
0.001087   0.000091   0.000000
0.001090   -0.000134   0.000000
0.001093   -0.000344   0.000000
0.001096   -0.000541   0.000000
0.001099   -0.000725   0.000001
0.001102   -0.000896   0.000001
0.001105   -0.001053   0.000001
0.001108   -0.001198   0.000001
0.001111   -0.001330   0.000002
0.001114   -0.001449   0.000002
0.001117   -0.001557   0.000002
0.001120   -0.001653   0.000003
0.001123   -0.001737   0.000003
0.001126   -0.001811   0.000003
0.001129   -0.001873   0.000004
0.001132   -0.001926   0.000004
0.001135   -0.001969   0.000004
0.001138   -0.002002   0.000004
0.001141   -0.002027   0.000004
0.001144   -0.002043   0.000004
0.001147   -0.002051   0.000004
0.001150   -0.002051   0.000004
0.001153   -0.002044   0.000004
0.001156   -0.002030   0.000004
0.001159   -0.002010   0.000004
0.001162   -0.001984   0.000004
0.001165   -0.001953   0.000004
0.001168   -0.001917   0.000004
0.001171   -0.001876   0.000004
0.001174   -0.001831   0.000003
0.001177   -0.001782   0.000003
0.001180   -0.001730   0.000003
0.001183   -0.001674   0.000003
0.001186   -0.001616   0.000003
0.001189   -0.001556   0.000002
0.001192   -0.001494   0.000002
0.001195   -0.001430   0.000002
0.001198   -0.001365   0.000002
0.001201   -0.001299   0.000002
0.001204   -0.001233   0.000002
0.001207   -0.001165   0.000001
0.001210   -0.001098   0.000001
0.001213   -0.001031   0.000001
0.001216   -0.000964   0.000001
0.001219   -0.000898   0.000001
0.001222   -0.000832   0.000001
0.001225   -0.000767   0.000001
0.001228   -0.000704   0.000000
0.001231   -0.000641   0.000000
0.001234   -0.000580   0.000000
0.001237   -0.000521   0.000000
0.001240   -0.000463   0.000000
0.001243   -0.000407   0.000000
0.001246   -0.000353   0.000000
0.001249   -0.000300   0.000000
0.001252   -0.000250   0.000000
0.001255   -0.000202   0.000000
0.001258   -0.000155   0.000000
0.001261   -0.000111   0.000000
0.001264   -0.000070   0.000000
0.001267   -0.000030   0.000000
0.001270   0.000007   0.000000
0.001273   0.000043   0.000000
0.001276   0.000076   0.000000
0.001279   0.000107   0.000000
0.001282   0.000135   0.000000
0.001285   0.000162   0.000000
0.001288   0.000186   0.000000
0.001291   0.000208   0.000000
0.001294   0.000229   0.000000
0.001297   0.000247   0.000000
0.001300   0.000263   0.000000
0.001303   0.000278   0.000000
0.001306   0.000291   0.000000
0.001309   0.000302   0.000000
0.001312   0.000311   0.000000
0.001315   0.000318   0.000000
0.001318   0.000324   0.000000
0.001321   0.000329   0.000000
0.001324   0.000332   0.000000
0.001327   0.000334   0.000000
0.001330   0.000334   0.000000
0.001333   0.000334   0.000000
0.001336   0.000332   0.000000
0.001339   0.000329   0.000000
0.001342   0.000325   0.000000
0.001345   0.000321   0.000000
0.001348   0.000315   0.000000
0.001351   0.000309   0.000000
0.001354   0.000301   0.000000
0.001357   0.000294   0.000000
0.001360   0.000285   0.000000
0.001363   0.000277   0.000000
0.001366   0.000267   0.000000
0.001369   0.000258   0.000000
0.001372   0.000248   0.000000
0.001375   0.000237   0.000000
0.001378   0.000227   0.000000
0.001381   0.000216   0.000000
0.001384   0.000205   0.000000
0.001387   0.000194   0.000000
0.001390   0.000183   0.000000
0.001393   0.000172   0.000000
0.001396   0.000162   0.000000
0.001399   0.000151   0.000000
0.001402   0.000140   0.000000
0.001405   0.000129   0.000000
0.001408   0.000119   0.000000
0.001411   0.000109   0.000000
0.001414   0.000099   0.000000
0.001417   0.000089   0.000000
0.001420   0.000079   0.000000
0.001423   0.000070   0.000000
0.001426   0.000061   0.000000
0.001429   0.000052   0.000000
0.001432   0.000044   0.000000
0.001435   0.000036   0.000000
0.001438   0.000028   0.000000
0.001441   0.000021   0.000000
0.001444   0.000014   0.000000
0.001447   0.000007   0.000000
0.001450   0.000001   0.000000
0.001453   -0.000005   0.000000
0.001456   -0.000010   0.000000
0.001459   -0.000015   0.000000
0.001462   -0.000020   0.000000
0.001465   -0.000025   0.000000
0.001468   -0.000029   0.000000
0.001471   -0.000033   0.000000
0.001474   -0.000036   0.000000
0.001477   -0.000039   0.000000
0.001480   -0.000042   0.000000
0.001483   -0.000044   0.000000
0.001486   -0.000047   0.000000
0.001489   -0.000048   0.000000
0.001492   -0.000050   0.000000
0.001495   -0.000051   0.000000
0.001498   -0.000053   0.000000
0.001502   -0.000053   0.000000
0.001505   -0.000054   0.000000
0.001508   -0.000054   0.000000
0.001511   -0.000055   0.000000
0.001514   -0.000054   0.000000
0.001517   -0.000054   0.000000
0.001520   -0.000054   0.000000
0.001523   -0.000053   0.000000
0.001526   -0.000053   0.000000
0.001529   -0.000052   0.000000
0.001532   -0.000051   0.000000
0.001535   -0.000050   0.000000
0.001538   -0.000048   0.000000
0.001541   -0.000047   0.000000
0.001544   -0.000046   0.000000
0.001547   -0.000044   0.000000
0.001550   -0.000043   0.000000
0.001553   -0.000041   0.000000
0.001556   -0.000039   0.000000
0.001559   -0.000038   0.000000
0.001562   -0.000036   0.000000
0.001565   -0.000034   0.000000
0.001568   -0.000032   0.000000
0.001571   -0.000031   0.000000
0.001574   -0.000029   0.000000
0.001577   -0.000027   0.000000
0.001580   -0.000025   0.000000
0.001583   -0.000024   0.000000
0.001586   -0.000022   0.000000
0.001589   -0.000020   0.000000
0.001592   -0.000018   0.000000
0.001595   -0.000017   0.000000
0.001598   -0.000015   0.000000
0.001601   -0.000014   0.000000
0.001604   -0.000012   0.000000
0.001607   -0.000011   0.000000
0.001610   -0.000009   0.000000
0.001613   -0.000008   0.000000
0.001616   -0.000006   0.000000
0.001619   -0.000005   0.000000
0.001622   -0.000004   0.000000
0.001625   -0.000003   0.000000
0.001628   -0.000002   0.000000
0.001631   -0.000001   0.000000
0.001634   0.000000   0.000000
0.001637   0.000001   0.000000
0.001640   0.000002   0.000000
0.001643   0.000003   0.000000
0.001646   0.000004   0.000000
0.001649   0.000004   0.000000
0.001652   0.000005   0.000000
0.001655   0.000006   0.000000
0.001658   0.000006   0.000000
0.001661   0.000007   0.000000
0.001664   0.000007   0.000000
0.001667   0.000007   0.000000
0.001670   0.000008   0.000000
0.001673   0.000008   0.000000
0.001676   0.000008   0.000000
0.001679   0.000008   0.000000
0.001682   0.000009   0.000000
0.001685   0.000009   0.000000
0.001688   0.000009   0.000000
0.001691   0.000009   0.000000
0.001694   0.000009   0.000000
0.001697   0.000009   0.000000
0.001700   0.000009   0.000000
0.001703   0.000009   0.000000
0.001706   0.000009   0.000000
0.001709   0.000008   0.000000
0.001712   0.000008   0.000000
0.001715   0.000008   0.000000
0.001718   0.000008   0.000000
0.001721   0.000008   0.000000
0.001724   0.000008   0.000000
0.001727   0.000007   0.000000
0.001730   0.000007   0.000000
0.001733   0.000007   0.000000
0.001736   0.000007   0.000000
0.001739   0.000006   0.000000
0.001742   0.000006   0.000000
0.001745   0.000006   0.000000
0.001748   0.000005   0.000000
0.001751   0.000005   0.000000
0.001754   0.000005   0.000000
0.001757   0.000005   0.000000
0.001760   0.000004   0.000000
0.001763   0.000004   0.000000
0.001766   0.000004   0.000000
0.001769   0.000003   0.000000
0.001772   0.000003   0.000000
0.001775   0.000003   0.000000
0.001778   0.000003   0.000000
0.001781   0.000002   0.000000
0.001784   0.000002   0.000000
0.001787   0.000002   0.000000
0.001790   0.000002   0.000000
0.001793   0.000001   0.000000
0.001796   0.000001   0.000000
0.001799   0.000001   0.000000
0.001802   0.000001   0.000000
0.001805   0.000001   0.000000
0.001808   0.000000   0.000000
0.001811   0.000000   0.000000
0.001814   -0.000000   0.000000
0.001817   -0.000000   0.000000
0.001820   -0.000000   0.000000
0.001823   -0.000000   0.000000
0.001826   -0.000001   0.000000
0.001829   -0.000001   0.000000
0.001832   -0.000001   0.000000
0.001835   -0.000001   0.000000
0.001838   -0.000001   0.000000
0.001841   -0.000001   0.000000
0.001844   -0.000001   0.000000
0.001847   -0.000001   0.000000
0.001850   -0.000001   0.000000
0.001853   -0.000001   0.000000
0.001856   -0.000001   0.000000
0.001859   -0.000001   0.000000
0.001862   -0.000001   0.000000
0.001865   -0.000001   0.000000
0.001868   -0.000001   0.000000
0.001871   -0.000001   0.000000
0.001874   -0.000001   0.000000
0.001877   -0.000001   0.000000
0.001880   -0.000001   0.000000
0.001883   -0.000001   0.000000
0.001886   -0.000001   0.000000
0.001889   -0.000001   0.000000
0.001892   -0.000001   0.000000
0.001895   -0.000001   0.000000
0.001898   -0.000001   0.000000
0.001901   -0.000001   0.000000
0.001904   -0.000001   0.000000
0.001907   -0.000001   0.000000
0.001910   -0.000001   0.000000
0.001913   -0.000001   0.000000
0.001916   -0.000001   0.000000
0.001919   -0.000001   0.000000
0.001922   -0.000001   0.000000
0.001925   -0.000001   0.000000
0.001928   -0.000001   0.000000
0.001931   -0.000001   0.000000
0.001934   -0.000001   0.000000
0.001937   -0.000001   0.000000
0.001940   -0.000001   0.000000
0.001943   -0.000001   0.000000
0.001946   -0.000001   0.000000
0.001949   -0.000001   0.000000
0.001952   -0.000001   0.000000
0.001955   -0.000000   0.000000
0.001958   -0.000000   0.000000
0.001961   -0.000000   0.000000
0.001964   -0.000000   0.000000
0.001967   -0.000000   0.000000
0.001970   -0.000000   0.000000
0.001973   -0.000000   0.000000
0.001976   -0.000000   0.000000
0.001979   -0.000000   0.000000
0.001982   -0.000000   0.000000
0.001985   -0.000000   0.000000
0.001988   -0.000000   0.000000
0.001991   -0.000000   0.000000
0.001994   -0.000000   0.000000
0.001997   0.000000   0.000000
0.002000   0.000000   0.000000
0.002003   0.000000   0.000000
0.002006   0.000000   0.000000
0.002009   0.000000   0.000000
0.002012   0.000000   0.000000
0.002015   0.000000   0.000000
0.002018   0.000000   0.000000
0.002021   0.000000   0.000000
0.002024   0.000000   0.000000
0.002027   0.000000   0.000000
0.002030   0.000000   0.000000
0.002033   0.000000   0.000000
0.002036   0.000000   0.000000
0.002039   0.000000   0.000000
0.002042   0.000000   0.000000
0.002045   0.000000   0.000000
0.002048   0.000000   0.000000
0.002051   0.000000   0.000000
0.002054   0.000000   0.000000
0.002057   0.000000   0.000000
0.002060   0.000000   0.000000
0.002063   0.000000   0.000000
0.002066   0.000000   0.000000
0.002069   0.000000   0.000000
0.002072   0.000000   0.000000
0.002075   0.000000   0.000000
0.002078   0.000000   0.000000
0.002081   0.000000   0.000000
0.002084   0.000000   0.000000
0.002087   0.000000   0.000000
0.002090   0.000000   0.000000
0.002093   0.000000   0.000000
0.002096   0.000000   0.000000
0.002099   0.000000   0.000000
0.002102   0.000000   0.000000
0.002105   0.000000   0.000000
0.002108   0.000000   0.000000
0.002111   0.000000   0.000000
0.002114   0.000000   0.000000
0.002117   0.000000   0.000000
0.002120   0.000000   0.000000
0.002123   0.000000   0.000000
0.002126   0.000000   0.000000
0.002129   0.000000   0.000000
0.002132   0.000000   0.000000
0.002135   0.000000   0.000000
0.002138   0.000000   0.000000
0.002141   0.000000   0.000000
0.002144   0.000000   0.000000
0.002147   0.000000   0.000000
0.002150   0.000000   0.000000
0.002153   0.000000   0.000000
0.002156   0.000000   0.000000
0.002159   0.000000   0.000000
0.002162   0.000000   0.000000
0.002165   0.000000   0.000000
0.002168   0.000000   0.000000
0.002171   0.000000   0.000000
0.002174   0.000000   0.000000
0.002177   -0.000000   0.000000
0.002180   -0.000000   0.000000
0.002183   -0.000000   0.000000
0.002186   -0.000000   0.000000
0.002189   -0.000000   0.000000
0.002192   -0.000000   0.000000
0.002195   -0.000000   0.000000
0.002198   -0.000000   0.000000
0.002201   -0.000000   0.000000
0.002204   -0.000000   0.000000
0.002207   -0.000000   0.000000
0.002210   -0.000000   0.000000
0.002213   -0.000000   0.000000
0.002216   -0.000000   0.000000
0.002219   -0.000000   0.000000
0.002222   -0.000000   0.000000
0.002225   -0.000000   0.000000
0.002228   -0.000000   0.000000
0.002231   -0.000000   0.000000
0.002234   -0.000000   0.000000
0.002237   -0.000000   0.000000
0.002240   -0.000000   0.000000
0.002243   -0.000000   0.000000
0.002246   -0.000000   0.000000
0.002249   -0.000000   0.000000
0.002252   -0.000000   0.000000
0.002255   -0.000000   0.000000
0.002258   -0.000000   0.000000
0.002261   -0.000000   0.000000
0.002264   -0.000000   0.000000
0.002267   -0.000000   0.000000
0.002270   -0.000000   0.000000
0.002273   -0.000000   0.000000
0.002276   -0.000000   0.000000
0.002279   -0.000000   0.000000
0.002282   -0.000000   0.000000
0.002285   -0.000000   0.000000
0.002288   -0.000000   0.000000
0.002291   -0.000000   0.000000
0.002294   -0.000000   0.000000
0.002297   -0.000000   0.000000
0.002300   -0.000000   0.000000
0.002303   -0.000000   0.000000
0.002306   -0.000000   0.000000
0.002309   -0.000000   0.000000
0.002312   -0.000000   0.000000
0.002315   -0.000000   0.000000
0.002318   -0.000000   0.000000
0.002321   -0.000000   0.000000
0.002324   -0.000000   0.000000
0.002327   -0.000000   0.000000
0.002330   -0.000000   0.000000
0.002333   -0.000000   0.000000
0.002336   -0.000000   0.000000
0.002339   -0.000000   0.000000
0.002342   -0.000000   0.000000
0.002345   -0.000000   0.000000
0.002348   -0.000000   0.000000
0.002351   -0.000000   0.000000
0.002354   -0.000000   0.000000
0.002357   -0.000000   0.000000
0.002360   0.000000   0.000000
0.002363   0.000000   0.000000
0.002366   0.000000   0.000000
0.002369   0.000000   0.000000
0.002372   0.000000   0.000000
0.002375   0.000000   0.000000
0.002378   0.000000   0.000000
0.002381   0.000000   0.000000
0.002384   0.000000   0.000000
0.002387   0.000000   0.000000
0.002390   0.000000   0.000000
0.002393   0.000000   0.000000
0.002396   0.000000   0.000000
0.002399   0.000000   0.000000
0.002402   0.000000   0.000000
0.002405   0.000000   0.000000
0.002408   0.000000   0.000000
0.002411   0.000000   0.000000
0.002414   0.000000   0.000000
0.002417   0.000000   0.000000
0.002420   0.000000   0.000000
0.002423   0.000000   0.000000
0.002426   0.000000   0.000000
0.002429   0.000000   0.000000
0.002432   0.000000   0.000000
0.002435   0.000000   0.000000
0.002438   0.000000   0.000000
0.002441   0.000000   0.000000
0.002444   0.000000   0.000000
0.002447   0.000000   0.000000
0.002450   0.000000   0.000000
0.002453   0.000000   0.000000
0.002456   0.000000   0.000000
0.002459   0.000000   0.000000
0.002462   0.000000   0.000000
0.002465   0.000000   0.000000
0.002468   0.000000   0.000000
0.002471   0.000000   0.000000
0.002474   0.000000   0.000000
0.002477   0.000000   0.000000
0.002480   0.000000   0.000000
0.002483   0.000000   0.000000
0.002486   0.000000   0.000000
0.002489   0.000000   0.000000
0.002492   0.000000   0.000000
0.002495   0.000000   0.000000
0.002498   0.000000   0.000000
0.002502   0.000000   0.000000
0.002505   0.000000   0.000000
0.002508   0.000000   0.000000
0.002511   0.000000   0.000000
0.002514   0.000000   0.000000
0.002517   0.000000   0.000000
0.002520   0.000000   0.000000
0.002523   0.000000   0.000000
0.002526   0.000000   0.000000
0.002529   0.000000   0.000000
0.002532   0.000000   0.000000
0.002535   0.000000   0.000000
0.002538   0.000000   0.000000
0.002541   -0.000000   0.000000
0.002544   -0.000000   0.000000
0.002547   -0.000000   0.000000
0.002550   -0.000000   0.000000
0.002553   -0.000000   0.000000
0.002556   -0.000000   0.000000
0.002559   -0.000000   0.000000
0.002562   -0.000000   0.000000
0.002565   -0.000000   0.000000
0.002568   -0.000000   0.000000
0.002571   -0.000000   0.000000
0.002574   -0.000000   0.000000
0.002577   -0.000000   0.000000
0.002580   -0.000000   0.000000
0.002583   -0.000000   0.000000
0.002586   -0.000000   0.000000
0.002589   -0.000000   0.000000
0.002592   -0.000000   0.000000
0.002595   -0.000000   0.000000
0.002598   -0.000000   0.000000
0.002601   -0.000000   0.000000
0.002604   -0.000000   0.000000
0.002607   -0.000000   0.000000
0.002610   -0.000000   0.000000
0.002613   -0.000000   0.000000
0.002616   -0.000000   0.000000
0.002619   -0.000000   0.000000
0.002622   -0.000000   0.000000
0.002625   -0.000000   0.000000
0.002628   -0.000000   0.000000
0.002631   -0.000000   0.000000
0.002634   -0.000000   0.000000
0.002637   -0.000000   0.000000
0.002640   -0.000000   0.000000
0.002643   -0.000000   0.000000
0.002646   -0.000000   0.000000
0.002649   -0.000000   0.000000
0.002652   -0.000000   0.000000
0.002655   -0.000000   0.000000
0.002658   -0.000000   0.000000
0.002661   -0.000000   0.000000
0.002664   -0.000000   0.000000
0.002667   -0.000000   0.000000
0.002670   -0.000000   0.000000
0.002673   -0.000000   0.000000
0.002676   -0.000000   0.000000
0.002679   -0.000000   0.000000
0.002682   -0.000000   0.000000
0.002685   -0.000000   0.000000
0.002688   -0.000000   0.000000
0.002691   -0.000000   0.000000
0.002694   -0.000000   0.000000
0.002697   -0.000000   0.000000
0.002700   -0.000000   0.000000
0.002703   -0.000000   0.000000
0.002706   -0.000000   0.000000
0.002709   -0.000000   0.000000
0.002712   -0.000000   0.000000
0.002715   -0.000000   0.000000
0.002718   -0.000000   0.000000
0.002721   0.000000   0.000000
0.002724   0.000000   0.000000
0.002727   0.000000   0.000000
0.002730   0.000000   0.000000
0.002733   0.000000   0.000000
0.002736   0.000000   0.000000
0.002739   0.000000   0.000000
0.002742   0.000000   0.000000
0.002745   0.000000   0.000000
0.002748   0.000000   0.000000
0.002751   0.000000   0.000000
0.002754   0.000000   0.000000
0.002757   0.000000   0.000000
0.002760   0.000000   0.000000
0.002763   0.000000   0.000000
0.002766   0.000000   0.000000
0.002769   0.000000   0.000000
0.002772   0.000000   0.000000
0.002775   0.000000   0.000000
0.002778   0.000000   0.000000
0.002781   0.000000   0.000000
0.002784   0.000000   0.000000
0.002787   0.000000   0.000000
0.002790   0.000000   0.000000
0.002793   0.000000   0.000000
0.002796   0.000000   0.000000
0.002799   0.000000   0.000000
0.002802   0.000000   0.000000
0.002805   0.000000   0.000000
0.002808   0.000000   0.000000
0.002811   0.000000   0.000000
0.002814   0.000000   0.000000
0.002817   0.000000   0.000000
0.002820   0.000000   0.000000
0.002823   0.000000   0.000000
0.002826   0.000000   0.000000
0.002829   0.000000   0.000000
0.002832   0.000000   0.000000
0.002835   0.000000   0.000000
0.002838   0.000000   0.000000
0.002841   0.000000   0.000000
0.002844   0.000000   0.000000
0.002847   0.000000   0.000000
0.002850   0.000000   0.000000
0.002853   0.000000   0.000000
0.002856   0.000000   0.000000
0.002859   0.000000   0.000000
0.002862   0.000000   0.000000
0.002865   0.000000   0.000000
0.002868   0.000000   0.000000
0.002871   0.000000   0.000000
0.002874   0.000000   0.000000
0.002877   0.000000   0.000000
0.002880   0.000000   0.000000
0.002883   0.000000   0.000000
0.002886   0.000000   0.000000
0.002889   0.000000   0.000000
0.002892   0.000000   0.000000
0.002895   0.000000   0.000000
0.002898   0.000000   0.000000
0.002901   0.000000   0.000000
0.002904   -0.000000   0.000000
0.002907   -0.000000   0.000000
0.002910   -0.000000   0.000000
0.002913   -0.000000   0.000000
0.002916   -0.000000   0.000000
0.002919   -0.000000   0.000000
0.002922   -0.000000   0.000000
0.002925   -0.000000   0.000000
0.002928   -0.000000   0.000000
0.002931   -0.000000   0.000000
0.002934   -0.000000   0.000000
0.002937   -0.000000   0.000000
0.002940   -0.000000   0.000000
0.002943   -0.000000   0.000000
0.002946   -0.000000   0.000000
0.002949   -0.000000   0.000000
0.002952   -0.000000   0.000000
0.002955   -0.000000   0.000000
0.002958   -0.000000   0.000000
0.002961   -0.000000   0.000000
0.002964   -0.000000   0.000000
0.002967   -0.000000   0.000000
0.002970   -0.000000   0.000000
0.002973   -0.000000   0.000000
0.002976   -0.000000   0.000000
0.002979   -0.000000   0.000000
0.002982   -0.000000   0.000000
0.002985   -0.000000   0.000000
0.002988   -0.000000   0.000000
0.002991   -0.000000   0.000000
0.002994   -0.000000   0.000000
0.002997   -0.000000   0.000000
0.003000   -0.000000   0.000000
