0.000000 0.000000
0.000200 0.999342
0.000400 1.994740
0.000600 2.982266
0.000800 3.958022
0.001000 4.918158
0.001200 5.858884
0.001400 6.776488
0.001600 7.667348
0.001800 8.527948
0.002000 9.354893
0.002200 10.144918
0.002400 10.894906
0.002600 11.601896
0.002800 12.263099
0.003000 12.875905
0.003200 13.437896
0.003400 13.946854
0.003600 14.400770
0.003800 14.797852
0.004000 15.136535
0.004200 15.415480
0.004400 15.633587
0.004600 15.789996
0.004800 15.884089
0.005000 15.915494
0.005200 15.884089
0.005400 15.789996
0.005600 15.633587
0.005800 15.415480
0.006000 15.136535
0.006200 14.797852
0.006400 14.400770
0.006600 13.946854
0.006800 13.437896
0.007000 12.875905
0.007200 12.263099
0.007400 11.601896
0.007600 10.894906
0.007800 10.144918
0.008000 9.354893
0.008200 8.527948
0.008400 7.667348
0.008600 6.776488
0.008800 5.858884
0.009000 4.918158
0.009200 3.958022
0.009400 2.982266
0.009600 1.994740
0.009800 0.999342
0.010000 0.000000
0.010200 -0.999342
0.010400 -1.994740
0.010600 -2.982266
0.010800 -3.958022
0.011000 -4.918158
0.011200 -5.858884
0.011400 -6.776488
0.011600 -7.667348
0.011800 -8.527948
0.012000 -9.354893
0.012200 -10.144918
0.012400 -10.894906
0.012600 -11.601896
0.012800 -12.263099
0.013000 -12.875905
0.013200 -13.437896
0.013400 -13.946854
0.013600 -14.400770
0.013800 -14.797852
0.014000 -15.136535
0.014200 -15.415480
0.014400 -15.633587
0.014600 -15.789996
0.014800 -15.884089
0.015000 -15.915494
0.015200 -15.884089
0.015400 -15.789996
0.015600 -15.633587
0.015800 -15.415480
0.016000 -15.136535
0.016200 -14.797852
0.016400 -14.400770
0.016600 -13.946854
0.016800 -13.437896
0.017000 -12.875905
0.017200 -12.263099
0.017400 -11.601896
0.017600 -10.894906
0.017800 -10.144918
0.018000 -9.354893
0.018200 -8.527948
0.018400 -7.667348
0.018600 -6.776488
0.018800 -5.858884
0.019000 -4.918158
0.019200 -3.958022
0.019400 -2.982266
0.019600 -1.994740
0.019800 -0.999342
