0.000000 1.000000
0.100000 1.110000
0.200000 1.240000
0.300000 1.390000
0.400000 1.560000
0.500000 1.750000
0.600000 1.960000
0.700000 2.190000
0.800000 2.440000
0.900000 2.710000
1.000000 3.000000
1.100000 3.310000
1.200000 3.640000
1.300000 3.990000
1.400000 4.360000
1.500000 4.750000
1.600000 5.160000
1.700000 5.590000
1.800000 6.040000
1.900000 6.510000
2.000000 7.000000
2.100000 7.510000
2.200000 8.040000
2.300000 8.590000
2.400000 9.160000
2.500000 9.750000
2.600000 10.360000
2.700000 10.990000
2.800000 11.640000
2.900000 12.310000
3.000000 13.000000
3.100000 13.710000
3.200000 14.440000
3.300000 15.190000
3.400000 15.960000
3.500000 16.750000
3.600000 17.560000
3.700000 18.390000
3.800000 19.240000
3.900000 20.110000
4.000000 21.000000
4.100000 21.910000
4.200000 22.840000
4.300000 23.790000
4.400000 24.760000
4.500000 25.750000
4.600000 26.760000
4.700000 27.790000
4.800000 28.840000
4.900000 29.910000
5.000000 31.000000
5.100000 32.110000
5.200000 33.240000
5.300000 34.390000
5.400000 35.560000
5.500000 36.750000
5.600000 37.960000
5.700000 39.190000
5.800000 40.440000
5.900000 41.710000
6.000000 43.000000
6.100000 44.310000
6.200000 45.640000
6.300000 46.990000
6.400000 48.360000
6.500000 49.750000
6.600000 51.160000
6.700000 52.590000
6.800000 54.040000
6.900000 55.510000
7.000000 57.000000
7.100000 58.510000
7.200000 60.040000
7.300000 61.590000
7.400000 63.160000
7.500000 64.750000
7.600000 66.360000
7.700000 67.990000
7.800000 69.640000
7.900000 71.310000
8.000000 73.000000
8.100000 74.710000
8.200000 76.440000
8.300000 78.190000
8.400000 79.960000
8.500000 81.750000
8.600000 83.560000
8.700000 85.390000
8.800000 87.240000
8.900000 89.110000
9.000000 91.000000
9.100000 92.910000
9.200000 94.840000
9.300000 96.790000
9.400000 98.760000
9.500000 100.750000
9.600000 102.760000
9.700000 104.790000
9.800000 106.840000
9.900000 108.910000
10.000000 111.000000
