0.000000 2.121320
0.100000 2.500476
0.200000 2.779946
0.300000 2.948589
0.400000 2.999680
0.500000 2.931184
0.600000 2.745830
0.700000 2.451009
0.800000 2.058474
0.900000 1.583874
1.000000 1.046130
1.100000 0.466680
1.200000 -0.131375
1.300000 -0.724192
1.400000 -1.288138
1.500000 -1.800730
1.600000 -2.241533
1.700000 -2.592973
1.800000 -2.841039
1.900000 -2.975842
2.000000 -2.992008
2.100000 -2.888892
2.200000 -2.670604
2.300000 -2.345848
2.400000 -1.927571
2.500000 -1.432447
2.600000 -0.880216
2.700000 -0.292894
2.800000 0.306105
2.900000 0.892901
3.000000 1.444099
3.100000 1.937726
3.200000 2.354102
3.300000 2.676627
3.400000 2.892443
3.500000 2.992947
3.600000 2.974132
3.700000 2.836747
3.800000 2.586270
3.900000 2.232687
4.000000 1.790094
4.100000 1.276135
4.200000 0.711300
4.300000 0.118109
4.400000 -0.479791
4.500000 -1.058564
4.600000 -1.595135
4.700000 -2.068113
4.800000 -2.458641
4.900000 -2.751152
5.000000 -2.933983
5.100000 -2.999845
5.200000 -2.946112
5.300000 -2.774928
5.400000 -2.493116
5.500000 -2.111911
5.600000 -1.646511
5.700000 -1.115470
5.800000 -0.539959
5.900000 0.057079
6.000000 0.651842
6.100000 1.220617
6.200000 1.740730
6.300000 2.191446
6.400000 2.554796
6.500000 2.816294
6.600000 2.965516
6.700000 2.996511
6.800000 2.908046
6.900000 2.703645
7.000000 2.391459
7.100000 1.983933
7.200000 1.497314
7.300000 0.951001
7.400000 0.366775
7.500000 -0.232073
7.600000 -0.821669
7.700000 -1.378507
7.800000 -1.880389
7.900000 -2.307306
8.000000 -2.642238
8.100000 -2.871832
8.200000 -2.986935
8.300000 -2.982958
8.400000 -2.860061
8.500000 -2.623142
8.600000 -2.281646
8.700000 -1.849188
8.800000 -1.343009
8.900000 -0.783289
9.000000 -0.192341
9.100000 0.406275
9.200000 0.988693
9.300000 1.531696
9.400000 2.013635
9.500000 2.415297
9.600000 2.720668
9.700000 2.917575
9.800000 2.998168
9.900000 2.959232
10.000000 2.802322
