0.000000 -1.000000
0.100000 -0.895171
0.200000 -0.781397
0.300000 -0.659816
0.400000 -0.531643
0.500000 -0.398157
0.600000 -0.260693
0.700000 -0.120625
0.800000 0.020649
0.900000 0.161717
1.000000 0.301169
1.100000 0.437611
1.200000 0.569681
1.300000 0.696059
1.400000 0.815483
1.500000 0.926758
1.600000 1.028773
1.700000 1.120509
1.800000 1.201050
1.900000 1.269590
2.000000 1.325444
2.100000 1.368055
2.200000 1.396998
2.300000 1.411981
2.400000 1.412857
2.500000 1.399616
2.600000 1.372390
2.700000 1.331452
2.800000 1.277210
2.900000 1.210207
3.000000 1.131113
3.100000 1.040716
3.200000 0.939921
3.300000 0.829734
3.400000 0.711257
3.500000 0.585673
3.600000 0.454238
3.700000 0.318264
3.800000 0.179110
3.900000 0.038166
4.000000 -0.103159
4.100000 -0.243453
4.200000 -0.381315
4.300000 -0.515367
4.400000 -0.644269
4.500000 -0.766734
4.600000 -0.881538
4.700000 -0.987535
4.800000 -1.083664
4.900000 -1.168965
5.000000 -1.242586
5.100000 -1.303792
5.200000 -1.351971
5.300000 -1.386642
5.400000 -1.407457
5.500000 -1.414210
5.600000 -1.406833
5.700000 -1.385398
5.800000 -1.350122
5.900000 -1.301355
6.000000 -1.239586
6.100000 -1.165431
6.200000 -1.079631
6.300000 -0.983045
6.400000 -0.876636
6.500000 -0.761468
6.600000 -0.638691
6.700000 -0.509533
6.800000 -0.375284
6.900000 -0.237285
7.000000 -0.096916
7.100000 0.044422
7.200000 0.185317
7.300000 0.324359
7.400000 0.460161
7.500000 0.591365
7.600000 0.716660
7.700000 0.834794
7.800000 0.944588
7.900000 1.044943
8.000000 1.134858
8.100000 1.213434
8.200000 1.279885
8.300000 1.333549
8.400000 1.373888
8.500000 1.400499
8.600000 1.413117
8.700000 1.411616
8.800000 1.396010
8.900000 1.366456
9.000000 1.323249
9.100000 1.266820
9.200000 1.197734
9.300000 1.116680
9.400000 1.024468
9.500000 0.922021
9.600000 0.810361
9.700000 0.690604
9.800000 0.563947
9.900000 0.431655
10.000000 0.295050
