0.000000 0.000000
0.100000 0.000995
0.200000 0.007841
0.300000 0.025808
0.400000 0.059054
0.500000 0.110195
0.600000 0.180020
0.700000 0.267361
0.800000 0.369151
0.900000 0.480650
1.000000 0.595823
1.100000 0.707842
1.200000 0.809659
1.300000 0.894610
1.400000 0.956981
1.500000 0.992504
1.600000 0.998721
1.700000 0.975202
1.800000 0.923577
1.900000 0.847396
2.000000 0.751827
2.100000 0.643204
2.200000 0.528487
2.300000 0.414669
2.400000 0.308180
2.500000 0.214354
2.600000 0.136990
2.700000 0.078062
2.800000 0.037591
2.900000 0.013695
3.000000 0.002810
3.100000 0.000072
3.200000 -0.000199
3.300000 -0.003925
3.400000 -0.016687
3.500000 -0.043163
3.600000 -0.086656
3.700000 -0.148739
3.800000 -0.229061
3.900000 -0.325329
4.000000 -0.433459
4.100000 -0.547900
4.200000 -0.662088
4.300000 -0.768993
4.400000 -0.861720
4.500000 -0.934094
4.600000 -0.981192
4.700000 -0.999770
4.800000 -0.988538
4.900000 -0.948276
5.000000 -0.881765
5.100000 -0.793546
5.200000 -0.689529
5.300000 -0.576486
5.400000 -0.461468
5.500000 -0.351209
5.600000 -0.251558
5.700000 -0.166998
5.800000 -0.100287
5.900000 -0.052262
6.000000 -0.021815
6.100000 -0.006045
6.200000 -0.000574
6.300000 0.000005
6.400000 0.001583
6.500000 0.009955
6.600000 0.030238
6.700000 0.066356
6.800000 0.120637
6.900000 0.193542
7.000000 0.283576
7.100000 0.387371
7.200000 0.499938
7.300000 0.615072
7.400000 0.725865
7.500000 0.825294
7.600000 0.906813
7.700000 0.964923
7.800000 0.995636
7.900000 0.996827
8.000000 0.968413
8.100000 0.912362
8.200000 0.832522
8.300000 0.734290
8.400000 0.624147
8.500000 0.509101
8.600000 0.396089
8.700000 0.291394
8.800000 0.200117
8.900000 0.125767
9.000000 0.069995
9.100000 0.032492
9.200000 0.011073
9.300000 0.001928
9.400000 0.000015
9.500000 -0.000424
9.600000 -0.005298
9.700000 -0.020071
9.800000 -0.049221
9.900000 -0.095780
10.000000 -0.161008
