0.000000 3.000000
0.100000 2.827923
0.200000 2.345704
0.300000 1.647684
0.400000 0.867272
0.500000 0.147176
0.600000 -0.391859
0.700000 -0.676461
0.800000 -0.694331
0.900000 -0.493258
1.000000 -0.166028
1.100000 0.174786
1.200000 0.425770
1.300000 0.518154
1.400000 0.433609
1.500000 0.206577
1.600000 -0.087201
1.700000 -0.352879
1.800000 -0.503639
1.900000 -0.485749
2.000000 -0.295048
2.100000 0.019476
2.200000 0.366157
2.300000 0.632754
2.400000 0.714812
2.500000 0.543290
2.600000 0.104513
2.700000 -0.552696
2.800000 -1.324774
2.900000 -2.074529
3.000000 -2.660811
3.100000 -2.969814
3.200000 -2.940642
3.300000 -2.579068
3.400000 -1.956227
3.500000 -1.192554
3.600000 -0.430772
3.700000 0.195661
3.800000 0.591228
3.900000 0.717479
4.000000 0.598292
4.100000 0.310345
4.200000 -0.038555
4.300000 -0.337731
4.400000 -0.501410
4.500000 -0.489180
4.600000 -0.314171
4.700000 -0.037136
4.800000 0.251861
4.900000 0.459337
5.000000 0.515177
5.100000 0.393362
5.200000 0.121258
5.300000 -0.225108
5.400000 -0.538818
5.500000 -0.708614
5.600000 -0.647719
5.700000 -0.317742
5.800000 0.258406
5.900000 0.998052
6.000000 1.774738
6.100000 2.445081
6.200000 2.880307
6.300000 2.995055
6.400000 2.766629
6.500000 2.240134
6.600000 1.518278
6.700000 0.738249
6.800000 0.041178
6.900000 -0.458638
7.000000 -0.697519
7.100000 -0.673751
7.200000 -0.444084
7.300000 -0.106586
7.400000 0.225692
7.500000 0.453573
7.600000 0.516004
7.700000 0.403753
7.800000 0.159360
7.900000 -0.136452
8.000000 -0.388259
8.100000 -0.513213
8.200000 -0.465076
8.300000 -0.248763
8.400000 0.078465
8.500000 0.419687
8.600000 0.661914
8.700000 0.704844
8.800000 0.487648
8.900000 0.007061
9.000000 -0.677947
9.100000 -1.456372
9.200000 -2.188145
9.300000 -2.734589
9.400000 -2.989267
9.500000 -2.901918
9.600000 -2.489822
9.700000 -1.833891
9.800000 -1.060409
9.900000 -0.312764
10.000000 0.280146
