0.000000 1.000000
0.100000 0.990050
0.200000 0.960789
0.300000 0.913931
0.400000 0.852144
0.500000 0.778801
0.600000 0.697676
0.700000 0.612626
0.800000 0.527292
0.900000 0.444858
1.000000 0.367879
1.100000 0.298197
1.200000 0.236928
1.300000 0.184520
1.400000 0.140858
1.500000 0.105399
1.600000 0.077305
1.700000 0.055576
1.800000 0.039164
1.900000 0.027052
2.000000 0.018316
2.100000 0.012155
2.200000 0.007907
2.300000 0.005042
2.400000 0.003151
2.500000 0.001930
2.600000 0.001159
2.700000 0.000682
2.800000 0.000394
2.900000 0.000223
3.000000 0.000123
3.100000 0.000067
3.200000 0.000036
3.300000 0.000019
3.400000 0.000010
3.500000 0.000005
3.600000 0.000002
3.700000 0.000001
3.800000 0.000001
3.900000 0.000000
4.000000 0.000000
4.100000 0.000000
4.200000 0.000000
4.300000 0.000000
4.400000 0.000000
4.500000 0.000000
4.600000 0.000000
4.700000 0.000000
4.800000 0.000000
4.900000 0.000000
5.000000 0.000000
5.100000 0.000000
5.200000 0.000000
5.300000 0.000000
5.400000 0.000000
5.500000 0.000000
5.600000 0.000000
5.700000 0.000000
5.800000 0.000000
5.900000 0.000000
6.000000 0.000000
6.100000 0.000000
6.200000 0.000000
6.300000 0.000000
6.400000 0.000000
6.500000 0.000000
6.600000 0.000000
6.700000 0.000000
6.800000 0.000000
6.900000 0.000000
7.000000 0.000000
7.100000 0.000000
7.200000 0.000000
7.300000 0.000000
7.400000 0.000000
7.500000 0.000000
7.600000 0.000000
7.700000 0.000000
7.800000 0.000000
7.900000 0.000000
8.000000 0.000000
8.100000 0.000000
8.200000 0.000000
8.300000 0.000000
8.400000 0.000000
8.500000 0.000000
8.600000 0.000000
8.700000 0.000000
8.800000 0.000000
8.900000 0.000000
9.000000 0.000000
9.100000 0.000000
9.200000 0.000000
9.300000 0.000000
9.400000 0.000000
9.500000 0.000000
9.600000 0.000000
9.700000 0.000000
9.800000 0.000000
9.900000 0.000000
10.000000 0.000000
